61 557.9320491803278 292.9320491803278 681.5679508196722
122 537.5829508196722 285.5829508196722 588.9170491803278
183 517.4068852459018 293.4068852459018 559.5931147540982
244 486.7099180327869 250.2099180327869 407.7900819672131
305 435.56352459016404 240.56352459016404 290.93647540983596
366 377.8749180327868 198.8749180327868 290.6250819672132
427 297.6840983606555 132.68409836065553 261.8159016393445
488 231.51598360655737 92.51598360655737 174.48401639344263
549 192.7954918032787 67.79549180327871 111.70450819672129
610 168.89098360655737 54.89098360655737 73.10901639344263
671 151.63713114754097 48.63713114754097 61.86286885245903
732 138.4303278688525 43.43032786885249 66.56967213114751
793 129.77377049180336 36.77377049180336 56.22622950819664
854 123.99434426229507 33.99434426229507 35.00565573770493
918 119.14953125 29.149531249999995 27.350468750000005
