938 569.7957302771853 381.29573027718527 812.7042697228147
1876 567.6921268656715 373.6921268656715 777.3078731343285
2814 562.3724786780384 378.3724786780384 806.6275213219616
3752 547.0174200426438 343.01742004264383 838.4825799573562
4690 514.8487953091685 308.3487953091685 587.1512046908315
5628 440.5467643923242 261.5467643923242 452.4532356076758
6566 323.6083528784649 170.60835287846493 402.3916471215351
7504 216.36003198294242 104.36003198294242 244.63996801705758
8442 147.21059168443495 61.210591684434945 104.28940831556505
9380 106.01195095948832 23.011950959488317 62.98804904051168
10318 94.32125799573559 11.321257995735593 24.678742004264407
11256 92.36015991471217 9.36015991471217 19.63984008528783
12194 91.75654584221749 8.756545842217491 17.24345415778251
13132 91.6034328358209 8.603432835820897 15.396567164179103
14072 91.5392659574468 8.539265957446801 15.460734042553199
