79 567.409493670886 301.40949367088604 744.090506329114
158 570.9303164556964 356.93031645569636 755.5696835443036
237 571.2101265822788 353.7101265822788 819.7898734177212
316 558.6695569620256 309.6695569620256 728.8304430379744
395 535.4301265822785 339.4301265822785 506.0698734177215
474 521.410253164557 307.91025316455705 473.58974683544295
553 466.234240506329 239.734240506329 484.765759493671
632 381.37303797468354 204.37303797468354 371.62696202531646
711 282.4082911392404 129.40829113924042 225.59170886075958
790 214.19341772151895 80.19341772151895 177.30658227848105
869 171.15607594936708 58.15607594936708 160.84392405063292
948 144.41537974683544 48.41537974683544 57.08462025316456
1027 128.34120253164556 41.341202531645564 62.658797468354436
1106 119.08879746835436 33.08879746835436 43.91120253164564
1181 113.88453333333335 27.88453333333335 41.11546666666665
