79 569.5027215189872 306.5027215189872 751.4972784810128
158 576.4930379746835 284.4930379746835 786.0069620253165
237 560.8667721518989 285.8667721518989 663.1332278481011
316 570.2843037974685 325.2843037974685 771.7156962025315
395 553.8043670886076 317.3043670886076 704.1956329113924
474 516.0284810126582 291.0284810126582 468.4715189873418
553 458.4795569620252 232.97955696202519 355.5204430379748
632 377.10651898734153 195.10651898734153 332.39348101265847
711 287.2155063291139 134.2155063291139 269.7844936708861
790 219.84949367088603 98.84949367088603 159.65050632911397
869 176.0022784810126 65.00227848101261 91.99772151898739
948 149.92639240506324 43.92639240506324 91.07360759493676
1027 133.00253164556966 41.00253164556966 59.49746835443034
1106 122.05126582278481 30.051265822784814 40.94873417721519
1184 115.82269230769231 26.822692307692307 34.17730769230769
