79 571.1357594936709 328.1357594936709 712.8642405063291
158 579.782088607595 274.782088607595 730.717911392405
237 572.8957594936709 289.3957594936709 654.1042405063291
316 567.9322151898734 296.43221518987343 733.5677848101266
395 543.6341139240507 308.63411392405067 522.8658860759493
474 531.037151898734 273.537151898734 705.462848101266
553 462.36316455696215 273.36316455696215 404.63683544303785
632 381.2100000000002 181.7100000000002 308.7899999999998
711 290.63575949367095 127.13575949367095 291.36424050632905
790 216.57487341772156 88.57487341772156 245.92512658227844
869 172.29569620253162 56.295696202531616 102.70430379746838
948 147.62101265822784 54.62101265822784 88.37898734177216
1027 130.79367088607592 37.793670886075915 47.206329113924085
1106 121.92544303797463 28.92544303797463 39.07455696202537
1185 116.50924050632914 25.509240506329135 36.490759493670865
