79 562.5604430379748 300.5604430379748 705.4395569620252
158 566.7229746835443 308.7229746835443 747.7770253164557
237 576.0600632911394 390.0600632911394 691.4399367088606
316 558.5089240506328 302.5089240506328 721.9910759493672
395 546.3238607594935 289.3238607594935 638.6761392405065
474 519.7331012658227 292.2331012658227 357.2668987341773
553 465.893670886076 243.393670886076 414.606329113924
632 396.6658860759494 236.6658860759494 330.8341139240506
711 295.1441139240507 130.1441139240507 336.8558860759493
790 217.21227848101262 83.21227848101262 236.78772151898738
869 175.53436708860758 63.53436708860758 99.46563291139242
948 150.1240506329114 52.124050632911406 89.8759493670886
1027 134.94018987341772 40.94018987341772 65.05981012658228
1106 125.17367088607593 33.173670886075925 46.826329113924075
1186 118.40887500000001 31.40887500000001 38.59112499999999
