948 568.8906856540085 342.8906856540085 817.1093143459915
1896 567.9390137130804 359.9390137130804 810.5609862869196
2844 565.8794514767933 348.3794514767933 793.6205485232067
3792 549.5345305907172 357.53453059071717 735.4654694092828
4740 515.9055643459917 323.4055643459917 680.5944356540083
5688 445.5767879746834 266.5767879746834 490.9232120253166
6636 333.13372890295375 180.13372890295375 423.36627109704625
7584 221.434878691983 105.43487869198299 251.065121308017
8532 152.30864978902952 60.308649789029516 119.69135021097048
9480 108.2433702531646 24.2433702531646 64.7566297468354
10428 94.97986286919836 11.979862869198357 35.02013713080164
11376 92.99894514767931 9.998945147679308 24.001054852320692
12324 92.3554957805907 9.3554957805907 17.6445042194093
13272 91.87451476793247 8.874514767932467 18.125485232067533
14215 91.58541887592789 8.585418875927886 17.414581124072114
