79 574.1623417721516 353.16234177215165 690.3376582278484
158 565.9870253164557 320.98702531645574 636.0129746835443
237 561.3902531645567 269.8902531645567 517.6097468354433
316 563.2737974683541 332.77379746835413 494.22620253164587
395 539.6159493670885 334.61594936708855 681.3840506329115
474 520.380506329114 312.88050632911404 662.119493670886
553 477.11658227848125 306.11658227848125 390.88341772151875
632 389.2656962025318 212.26569620253179 345.7343037974682
711 300.6841772151898 144.68417721518978 307.3158227848102
790 227.08170886075953 92.08170886075953 184.91829113924047
869 179.283924050633 58.283924050633004 94.216075949367
948 153.85829113924055 49.85829113924055 107.64170886075945
1027 134.90727848101267 48.90727848101267 66.59272151898733
1106 123.16658227848099 37.16658227848099 41.83341772151901
1190 116.6616666666666 30.661666666666605 37.338333333333395
