80 567.6000624999999 372.1000624999999 793.3999375000001
160 566.7826249999997 359.2826249999997 747.7173750000003
240 559.3768124999999 347.8768124999999 820.1231875000001
320 556.7478749999999 333.2478749999999 599.7521250000001
400 532.968125 317.468125 496.031875
480 520.61975 302.11974999999995 398.38025000000005
560 469.89374999999984 248.39374999999984 388.10625000000016
640 401.2831875 209.2831875 335.7168125
720 300.4062500000001 142.4062500000001 268.5937499999999
800 218.9026250000001 81.90262500000011 170.5973749999999
880 176.62150000000003 64.62150000000003 112.87849999999997
960 150.63112499999997 42.63112499999997 52.86887500000003
1040 132.64212499999996 39.642124999999965 49.357875000000035
1120 122.37656250000002 30.37656250000002 49.62343749999998
1200 115.823625 28.823625000000007 53.17637499999999
