82.0
84.0
90.0
87.0
96.0
83.0
90.0
88.0
84.0
91.0
96.5
106.0
94.0
101.5
90.0
84.0
84.0
96.0
90.0
103.5
92.0
103.5
87.0
106.5
84.0
92.0
93.0
87.0
98.0
99.0
95.0
100.5
88.0
93.0
88.0
87.0
84.0
105.5
88.0
83.0
82.0
100.0
101.0
104.5
84.0
90.0
102.5
91.0
86.0
84.0
90.0
97.0
84.0
85.0
91.0
90.0
96.0
85.0
87.0
86.0
86.0
93.0
91.0
93.0
84.0
103.5
91.0
89.0
87.0
89.0
88.0
92.0
88.0
83.0
83.0
91.0
88.0
93.0
89.0
83.0
98.5
85.0
91.0
89.0
84.0
89.0
87.0
107.0
96.0
97.0
82.0
83.0
101.5
87.0
88.0
93.0
83.0
90.0
90.0
100.0
