101.0
104.5
112.0
98.0
106.5
102.0
115.5
139.5
94.0
97.0
88.0
85.0
108.5
92.0
113.5
116.5
113.5
94.0
84.0
105.0
111.0
121.5
85.0
90.0
86.0
108.0
93.0
98.0
91.0
100.0
103.0
88.0
104.5
99.5
89.0
110.0
98.0
95.0
91.0
130.0
91.0
119.5
105.0
103.0
100.5
93.0
93.0
92.0
108.0
90.0
98.0
119.5
91.0
87.0
112.5
97.0
82.0
98.0
100.0
93.0
109.5
100.0
98.5
91.0
101.0
87.0
90.0
118.5
90.0
98.0
108.5
96.0
95.0
92.0
102.5
108.5
96.5
89.0
94.0
94.0
105.5
91.0
129.5
97.5
115.0
102.0
103.0
102.0
93.0
108.0
84.0
99.0
89.0
113.0
118.5
102.5
96.0
116.5
107.0
97.0
