87.0
98.0
82.0
85.0
82.0
93.0
84.0
83.0
89.0
83.0
88.0
104.5
89.0
83.0
85.0
84.0
84.0
82.0
87.0
84.0
88.0
84.0
82.0
85.0
83.0
84.0
88.0
84.0
84.0
90.0
101.5
107.5
89.0
85.0
91.0
89.0
90.0
82.0
84.0
99.5
88.0
83.0
90.0
84.0
109.5
94.0
85.0
98.5
88.0
84.0
87.0
84.0
88.0
83.0
83.0
88.0
85.0
85.0
84.0
97.5
85.0
88.0
82.0
83.0
87.0
82.0
83.0
82.0
85.0
93.0
82.0
87.0
83.0
85.0
90.0
90.0
89.0
87.0
83.0
98.5
102.5
82.0
96.5
85.0
88.0
96.5
82.0
84.0
84.0
84.0
84.0
84.0
89.0
82.0
90.0
84.0
82.0
87.0
84.0
90.0
