89.0
83.0
96.5
84.0
84.0
83.0
88.0
84.0
98.5
95.0
82.0
98.5
89.0
82.0
82.0
88.0
93.0
83.0
83.0
85.0
82.0
97.5
89.0
84.0
82.0
84.0
82.0
84.0
83.0
94.0
84.0
83.0
87.0
82.0
84.0
85.0
84.0
84.0
91.0
84.0
107.5
84.0
87.0
92.0
99.5
102.5
86.0
84.0
83.0
82.0
103.5
84.0
102.5
87.0
83.0
86.0
83.0
82.0
100.0
84.0
85.0
87.0
90.0
87.0
102.5
85.0
83.0
99.5
88.0
91.0
82.0
82.0
85.0
85.0
84.0
84.0
84.0
95.0
84.0
82.0
83.0
84.0
93.0
85.0
82.0
87.0
88.0
84.0
85.0
85.0
90.0
84.0
84.0
84.0
87.0
84.0
82.0
96.5
89.0
82.0
