93.0
82.0
95.0
85.0
96.0
87.0
84.0
98.0
99.0
87.0
85.0
89.0
93.0
96.0
82.0
96.0
87.0
105.0
100.0
98.5
102.5
95.0
96.0
88.0
91.0
101.5
82.0
90.0
84.0
96.0
114.5
86.0
96.5
90.0
103.0
98.5
83.0
88.0
85.0
91.0
91.0
83.0
88.0
88.0
87.0
90.0
82.0
85.0
82.0
88.0
88.0
91.0
84.0
83.0
98.0
87.0
110.5
94.0
85.0
84.0
96.0
103.0
87.0
101.5
87.0
113.5
83.0
98.5
95.0
115.5
107.5
88.0
104.5
94.0
102.0
99.5
94.0
106.0
112.5
92.0
90.0
108.5
82.0
83.0
91.0
92.0
99.0
84.0
85.0
101.5
87.0
93.0
103.5
91.0
87.0
113.5
95.0
84.0
91.0
91.0
