87.0
89.0
87.0
83.0
87.0
89.0
84.0
90.0
85.0
88.0
85.0
83.0
96.5
93.0
84.0
87.0
82.0
82.0
84.0
85.0
83.0
98.0
86.0
83.0
84.0
83.0
93.0
93.0
104.5
88.0
85.0
85.0
84.0
84.0
83.0
92.0
96.5
85.0
84.0
88.0
91.0
84.0
83.0
97.0
103.5
84.0
94.0
88.0
94.0
87.0
91.0
84.0
89.0
82.0
82.0
94.0
87.0
88.0
87.0
85.0
82.0
85.0
87.0
82.0
84.0
84.0
91.0
84.0
93.0
84.0
88.0
87.0
84.0
84.0
93.0
89.0
94.0
88.0
89.0
100.0
84.0
98.5
84.0
99.5
82.0
82.0
87.0
85.0
87.0
98.5
82.0
89.0
84.0
90.0
90.0
84.0
99.5
82.0
83.0
93.0
