88.0
85.0
87.0
84.0
83.0
89.0
84.0
96.5
90.0
86.0
84.0
99.5
84.0
82.0
84.0
84.0
83.0
90.0
91.0
105.5
85.0
82.0
83.0
83.0
88.0
82.0
89.0
91.0
99.5
85.0
84.0
84.0
83.0
83.0
83.0
84.0
84.0
90.0
84.0
85.0
87.0
90.0
84.0
95.0
86.0
96.0
98.0
96.5
83.0
82.0
88.0
82.0
84.0
85.0
85.0
82.0
92.0
101.5
85.0
84.0
91.0
84.0
88.0
82.0
87.0
84.0
82.0
88.0
83.0
88.0
94.0
84.0
84.0
85.0
104.5
92.0
83.0
87.0
90.0
84.0
84.0
82.0
82.0
82.0
94.0
85.0
109.5
84.0
91.0
83.0
95.0
105.5
97.5
84.0
85.0
96.5
83.0
88.0
89.0
83.0
