99.0
101.0
85.0
87.0
109.0
99.0
97.0
98.0
111.5
83.0
85.0
91.0
115.5
83.0
84.0
91.0
90.0
102.5
85.0
89.0
110.0
91.0
94.0
94.0
86.0
84.0
88.0
83.0
96.0
89.0
89.0
99.0
91.0
89.0
88.0
97.0
97.5
84.0
113.5
96.0
88.0
95.0
110.5
91.0
95.0
108.5
83.0
88.0
100.0
98.5
87.0
87.0
94.0
88.0
95.0
110.5
88.0
86.0
103.5
108.0
84.0
85.0
84.0
88.0
101.0
104.5
98.0
94.0
88.0
97.0
107.5
85.0
102.0
85.0
92.0
98.0
98.0
84.0
89.0
94.0
90.0
89.0
98.5
87.0
109.0
95.0
96.0
98.5
91.0
84.0
83.0
92.0
88.0
91.0
83.0
94.0
98.0
97.0
82.0
102.0
