91.0
87.0
83.0
96.0
84.0
83.0
82.0
84.0
101.0
83.0
96.0
91.0
99.0
98.5
83.0
93.0
93.0
91.0
87.0
96.0
89.0
87.0
89.0
92.0
82.0
89.0
82.0
84.0
84.0
90.0
94.0
91.0
100.0
108.5
88.0
82.0
83.0
83.0
98.0
85.0
86.0
102.5
82.0
89.0
87.0
91.0
107.5
98.5
91.0
105.5
89.0
104.0
89.0
83.0
94.0
84.0
88.0
88.0
85.0
99.0
83.0
96.0
83.0
88.0
88.0
100.0
100.0
84.0
83.0
98.0
98.0
107.5
102.5
83.0
90.0
83.0
95.0
84.0
84.0
85.0
105.0
83.0
85.0
93.0
87.0
85.0
87.0
84.0
97.0
84.0
87.0
89.0
86.0
82.0
97.0
85.0
84.0
111.5
82.0
85.0
