83.0
96.5
94.0
88.0
84.0
97.5
86.0
90.0
82.0
85.0
88.0
83.0
94.0
84.0
95.0
88.0
88.0
88.0
87.0
102.5
89.0
85.0
95.0
89.0
91.0
83.0
84.0
83.0
85.0
98.5
91.0
83.0
82.0
89.0
89.0
87.0
88.0
92.0
88.0
92.0
88.0
87.0
88.0
99.0
87.0
84.0
88.0
85.0
84.0
84.0
84.0
89.0
89.0
108.5
84.0
83.0
82.0
98.5
84.0
93.0
88.0
84.0
85.0
83.0
82.0
89.0
83.0
88.0
103.5
83.0
90.0
98.5
90.0
92.0
83.0
84.0
87.0
83.0
84.0
85.0
83.0
82.0
84.0
84.0
89.0
90.0
90.0
83.0
84.0
82.0
84.0
90.0
108.5
84.0
82.0
87.0
96.0
103.5
90.0
100.5
