93.0
82.0
95.0
82.0
91.0
90.0
84.0
85.0
89.0
84.0
84.0
84.0
83.0
102.0
91.0
85.0
84.0
84.0
88.0
89.0
88.0
84.0
82.0
82.0
82.0
82.0
88.0
85.0
84.0
87.0
98.5
84.0
95.0
85.0
83.0
90.0
83.0
82.0
88.0
106.5
87.0
85.0
87.0
89.0
88.0
88.0
82.0
87.0
88.0
96.0
84.0
84.0
113.5
86.0
83.0
93.0
88.0
85.0
87.0
83.0
82.0
102.5
87.0
83.0
88.0
87.0
82.0
84.0
83.0
89.0
84.0
97.5
84.0
93.0
95.0
85.0
83.0
90.0
84.0
82.0
87.0
108.5
85.0
87.0
93.0
88.0
83.0
89.0
87.0
84.0
104.5
84.0
84.0
84.0
96.0
84.0
90.0
90.0
83.0
83.0
