84.0
89.0
108.5
85.0
90.0
102.5
84.0
83.0
88.0
89.0
87.0
83.0
83.0
95.0
83.0
88.0
87.0
83.0
88.0
96.5
85.0
84.0
88.0
104.5
89.0
91.0
84.0
91.0
88.0
86.0
90.0
93.0
87.0
82.0
87.0
95.0
88.0
98.5
91.0
83.0
105.0
83.0
90.0
93.0
84.0
86.0
83.0
86.0
93.0
97.5
88.0
99.5
100.0
82.0
84.0
96.0
83.0
99.0
108.5
90.0
101.5
103.5
89.0
90.0
85.0
90.0
91.0
89.0
88.0
117.5
84.0
94.0
91.0
84.0
84.0
85.0
90.0
90.0
91.0
116.0
88.0
84.0
83.0
83.0
90.0
95.0
85.0
85.0
93.0
83.0
91.0
97.0
87.0
94.0
91.0
84.0
91.0
88.0
91.0
103.5
