85.0
93.0
107.5
89.0
87.0
84.0
88.0
84.0
91.0
90.0
93.0
82.0
91.0
83.0
91.0
91.0
91.0
88.0
86.0
84.0
82.0
86.0
82.0
99.5
83.0
83.0
88.0
83.0
83.0
110.5
84.0
82.0
83.0
89.0
88.0
87.0
84.0
89.0
84.0
88.0
83.0
84.0
99.5
92.0
83.0
83.0
89.0
84.0
84.0
84.0
87.0
89.0
88.0
84.0
90.0
86.0
84.0
84.0
82.0
83.0
84.0
85.0
83.0
82.0
95.0
83.0
82.0
84.0
83.0
84.0
87.0
102.5
98.5
89.0
87.0
82.0
84.0
83.0
84.0
91.0
87.0
92.0
82.0
85.0
97.5
83.0
95.0
87.0
85.0
104.5
87.0
99.0
89.0
84.0
87.0
84.0
111.5
97.5
89.0
83.0
