96.5
83.0
84.0
83.0
84.0
84.0
83.0
87.0
85.0
83.0
84.0
84.0
85.0
82.0
89.0
100.5
82.0
88.0
84.0
84.0
84.0
83.0
83.0
83.0
83.0
85.0
83.0
85.0
87.0
84.0
82.0
89.0
98.0
84.0
89.0
88.0
84.0
82.0
82.0
94.0
87.0
83.0
84.0
85.0
82.0
84.0
96.5
85.0
84.0
83.0
88.0
93.0
91.0
82.0
104.5
82.0
87.0
89.0
83.0
96.0
94.0
84.0
89.0
87.0
89.0
90.0
83.0
85.0
82.0
88.0
87.0
90.0
84.0
91.0
97.5
91.0
85.0
90.0
88.0
84.0
84.0
90.0
83.0
83.0
88.0
82.0
84.0
88.0
89.0
84.0
83.0
94.0
98.5
83.0
85.0
87.0
84.0
82.0
88.0
85.0
84.0
82.0
88.0
83.0
85.0
85.0
102.5
94.0
83.0
85.0
82.0
90.0
89.0
83.0
84.0
89.0
84.0
88.0
84.0
84.0
82.0
84.0
83.0
83.0
83.0
84.0
85.0
85.0
82.0
87.0
90.0
85.0
91.0
89.0
85.0
88.0
87.0
88.0
100.5
89.0
84.0
84.0
87.0
88.0
87.0
83.0
100.5
83.0
85.0
102.5
82.0
83.0
82.0
85.0
88.0
89.0
85.0
82.0
89.0
84.0
85.0
85.0
84.0
89.0
88.0
93.0
93.0
84.0
88.0
83.0
84.0
96.5
94.0
94.0
82.0
82.0
82.0
87.0
99.5
85.0
85.0
85.0
84.0
88.0
88.0
84.0
83.0
83.0
95.0
90.0
84.0
97.0
83.0
84.0
84.0
91.0
85.0
83.0
88.0
83.0
