95.0
83.0
95.0
84.0
84.0
105.5
99.5
84.0
84.0
87.0
83.0
88.0
83.0
90.0
83.0
85.0
89.0
85.0
98.5
92.0
87.0
82.0
100.5
82.0
84.0
82.0
84.0
83.0
84.0
92.0
85.0
83.0
84.0
88.0
84.0
89.0
88.0
90.0
84.0
90.0
85.0
88.0
95.0
83.0
85.0
105.5
88.0
85.0
84.0
94.0
82.0
83.0
88.0
90.0
103.5
83.0
85.0
82.0
84.0
82.0
83.0
82.0
89.0
82.0
83.0
91.0
96.0
91.0
103.5
84.0
84.0
84.0
90.0
85.0
84.0
82.0
83.0
86.0
97.5
84.0
89.0
92.0
94.0
84.0
99.0
82.0
83.0
94.0
87.0
84.0
82.0
82.0
85.0
83.0
88.0
93.0
84.0
93.0
92.0
87.0
