88.0
83.0
90.0
92.0
84.0
84.0
94.0
82.0
88.0
84.0
85.0
82.0
84.0
100.0
83.0
85.0
83.0
83.0
87.0
82.0
82.0
85.0
85.0
82.0
83.0
84.0
97.0
84.0
89.0
84.0
85.0
101.5
83.0
91.0
84.0
87.0
88.0
88.0
84.0
89.0
91.0
89.0
82.0
87.0
83.0
88.0
85.0
84.0
83.0
94.0
85.0
82.0
89.0
82.0
93.0
88.0
84.0
91.0
84.0
95.0
84.0
83.0
85.0
82.0
84.0
84.0
84.0
87.0
82.0
83.0
97.0
82.0
85.0
91.0
87.0
85.0
93.0
88.0
82.0
84.0
87.0
88.0
87.0
84.0
82.0
85.0
84.0
84.0
85.0
85.0
89.0
85.0
82.0
88.0
92.0
90.0
96.0
87.0
84.0
85.0
