91.0
95.0
87.0
90.0
82.0
82.0
83.0
85.0
95.0
84.0
87.0
82.0
90.0
87.0
95.0
83.0
82.0
92.0
87.0
82.0
91.0
82.0
84.0
85.0
84.0
83.0
84.0
83.0
87.0
88.0
88.0
94.0
87.0
88.0
84.0
83.0
84.0
93.0
88.0
83.0
95.0
113.5
84.0
85.0
84.0
83.0
97.0
90.0
86.0
85.0
88.0
91.0
83.0
83.0
85.0
90.0
85.0
88.0
97.5
90.0
84.0
90.0
88.0
86.0
88.0
90.0
94.0
90.0
82.0
89.0
94.0
89.0
91.0
99.5
92.0
82.0
95.0
82.0
82.0
84.0
82.0
87.0
85.0
97.0
84.0
84.0
88.0
85.0
96.5
88.0
94.0
97.5
90.0
83.0
83.0
82.0
107.5
88.0
82.0
84.0
