88.0
96.0
87.0
83.0
84.0
90.0
83.0
84.0
87.0
88.0
85.0
88.0
87.0
89.0
86.0
82.0
92.0
84.0
97.5
84.0
84.0
84.0
93.0
83.0
84.0
89.0
84.0
90.0
84.0
88.0
84.0
83.0
95.0
88.0
83.0
84.0
84.0
82.0
93.0
93.0
93.0
84.0
84.0
84.0
95.0
84.0
101.5
89.0
84.0
83.0
91.0
85.0
90.0
83.0
89.0
89.0
84.0
87.0
88.0
84.0
88.0
83.0
84.0
93.0
96.0
92.0
91.0
85.0
82.0
85.0
82.0
84.0
82.0
90.0
84.0
83.0
91.0
82.0
86.0
84.0
89.0
82.0
97.0
82.0
86.0
89.0
84.0
84.0
83.0
88.0
83.0
84.0
87.0
83.0
104.5
84.0
84.0
98.5
87.0
87.0
