84.0
87.0
85.0
89.0
88.0
90.0
96.5
95.0
82.0
88.0
83.0
83.0
88.0
83.0
89.0
84.0
87.0
88.0
89.0
92.0
84.0
85.0
82.0
87.0
85.0
99.0
88.0
85.0
83.0
82.0
89.0
90.0
84.0
82.0
88.0
87.0
83.0
82.0
84.0
84.0
84.0
88.0
96.0
84.0
106.5
84.0
85.0
88.0
100.0
82.0
96.5
84.0
88.0
90.0
87.0
84.0
99.5
85.0
84.0
84.0
84.0
90.0
90.0
82.0
88.0
83.0
87.0
84.0
98.0
84.0
102.0
88.0
87.0
88.0
82.0
88.0
84.0
84.0
84.0
82.0
83.0
95.0
82.0
84.0
84.0
82.0
88.0
90.0
92.0
88.0
87.0
83.0
99.5
87.0
87.0
84.0
90.0
97.5
90.0
93.0
