83.0
86.0
82.0
83.0
83.0
85.0
87.0
84.0
88.0
83.0
82.0
83.0
88.0
85.0
82.0
88.0
89.0
84.0
83.0
83.0
83.0
83.0
89.0
85.0
85.0
87.0
95.0
84.0
87.0
85.0
85.0
89.0
85.0
84.0
84.0
83.0
84.0
89.0
87.0
84.0
84.0
87.0
97.5
82.0
84.0
91.0
92.0
84.0
83.0
100.0
92.0
88.0
83.0
87.0
85.0
87.0
103.5
84.0
83.0
82.0
92.0
84.0
89.0
90.0
82.0
93.0
85.0
88.0
94.0
83.0
99.0
82.0
83.0
90.0
82.0
88.0
83.0
85.0
83.0
83.0
87.0
110.5
84.0
99.5
97.5
89.0
84.0
88.0
84.0
87.0
82.0
84.0
85.0
84.0
90.0
84.0
100.0
84.0
105.5
88.0
