84.0
84.0
89.0
88.0
89.0
82.0
82.0
82.0
91.0
90.0
85.0
83.0
83.0
83.0
84.0
83.0
89.0
82.0
82.0
84.0
82.0
83.0
88.0
85.0
89.0
82.0
83.0
87.0
88.0
87.0
82.0
82.0
84.0
82.0
88.0
91.0
83.0
84.0
85.0
82.0
98.5
88.0
82.0
85.0
87.0
84.0
87.0
92.0
91.0
88.0
82.0
90.0
84.0
96.0
84.0
96.0
82.0
91.0
88.0
84.0
85.0
95.0
84.0
84.0
82.0
84.0
85.0
89.0
83.0
82.0
90.0
88.0
82.0
87.0
96.5
84.0
89.0
91.0
84.0
89.0
84.0
87.0
91.0
85.0
84.0
89.0
84.0
87.0
82.0
88.0
84.0
83.0
82.0
84.0
83.0
83.0
83.0
84.0
87.0
82.0
