88.0
93.0
95.0
88.0
84.0
91.0
83.0
93.0
87.0
97.0
84.0
83.0
84.0
82.0
89.0
84.0
88.0
88.0
82.0
84.0
85.0
84.0
97.5
84.0
96.0
87.0
90.0
89.0
82.0
101.5
87.0
90.0
84.0
82.0
82.0
84.0
83.0
84.0
85.0
89.0
92.0
88.0
91.0
87.0
83.0
93.0
84.0
83.0
87.0
83.0
85.0
89.0
84.0
83.0
84.0
83.0
91.0
84.0
99.5
87.0
87.0
82.0
82.0
95.0
84.0
87.0
83.0
90.0
82.0
83.0
88.0
84.0
102.5
96.5
87.0
88.0
90.0
88.0
101.5
85.0
84.0
83.0
110.5
91.0
84.0
84.0
85.0
89.0
84.0
84.0
84.0
82.0
90.0
95.0
93.0
92.0
82.0
83.0
87.0
95.0
