84.0
86.0
83.0
84.0
91.0
92.0
89.0
92.0
82.0
88.0
92.0
88.0
102.5
83.0
82.0
84.0
84.0
83.0
88.0
103.0
91.0
85.0
84.0
85.0
92.0
94.0
92.0
86.0
99.5
87.0
84.0
98.5
86.0
88.0
88.0
82.0
105.5
87.0
91.0
87.0
89.0
96.0
87.0
84.0
88.0
84.0
82.0
82.0
89.0
83.0
90.0
84.0
98.5
94.0
83.0
91.0
99.5
88.0
83.0
87.0
90.0
84.0
103.5
91.0
90.0
88.0
92.0
85.0
87.0
84.0
88.0
84.0
92.0
88.0
89.0
83.0
94.0
83.0
90.0
97.0
88.0
89.0
83.0
86.0
84.0
88.0
85.0
97.5
82.0
83.0
101.5
87.0
83.0
87.0
83.0
95.0
98.5
89.0
90.0
89.0
