83.0
82.0
94.0
84.0
88.0
88.0
84.0
84.0
85.0
84.0
83.0
82.0
82.0
86.0
89.0
96.5
89.0
87.0
87.0
97.5
92.0
84.0
82.0
88.0
84.0
84.0
84.0
84.0
89.0
88.0
84.0
83.0
84.0
83.0
111.5
84.0
83.0
85.0
94.0
85.0
85.0
90.0
84.0
96.5
89.0
84.0
82.0
91.0
84.0
84.0
102.5
82.0
96.0
92.0
88.0
88.0
90.0
85.0
83.0
85.0
84.0
83.0
87.0
82.0
90.0
90.0
89.0
84.0
82.0
84.0
99.5
86.0
89.0
85.0
87.0
83.0
88.0
93.0
99.5
84.0
82.0
85.0
83.0
101.0
84.0
82.0
82.0
85.0
83.0
84.0
96.5
83.0
95.0
93.0
85.0
82.0
84.0
82.0
84.0
88.0
