87.0
87.0
91.0
83.0
94.0
83.0
83.0
90.0
83.0
82.0
87.0
90.0
87.0
91.0
87.0
83.0
86.0
90.0
83.0
83.0
98.0
83.0
88.0
93.0
85.0
90.0
83.0
98.5
84.0
87.0
96.0
84.0
84.0
93.0
82.0
90.0
90.0
84.0
88.0
84.0
88.0
83.0
90.0
87.0
83.0
93.0
82.0
88.0
90.0
83.0
82.0
91.0
85.0
82.0
83.0
84.0
84.0
95.0
84.0
82.0
82.0
89.0
83.0
85.0
93.0
98.5
83.0
83.0
82.0
82.0
83.0
83.0
84.0
94.0
88.0
93.0
87.0
91.0
87.0
87.0
85.0
82.0
94.0
84.0
83.0
87.0
83.0
85.0
90.0
87.0
89.0
91.0
103.5
85.0
84.0
83.0
83.0
91.0
84.0
88.0
