84.0
84.0
83.0
89.0
87.0
87.0
84.0
84.0
82.0
88.0
96.0
85.0
88.0
87.0
84.0
83.0
84.0
83.0
84.0
89.0
85.0
88.0
88.0
102.5
83.0
87.0
84.0
82.0
82.0
83.0
82.0
82.0
87.0
83.0
84.0
89.0
83.0
96.5
84.0
86.0
85.0
86.0
83.0
84.0
83.0
99.0
84.0
85.0
85.0
87.0
82.0
82.0
84.0
85.0
98.5
85.0
85.0
84.0
84.0
87.0
97.5
88.0
91.0
98.5
87.0
89.0
85.0
90.0
82.0
83.0
84.0
94.0
97.5
86.0
95.0
82.0
92.0
85.0
86.0
83.0
82.0
90.0
87.0
96.5
97.0
91.0
84.0
85.0
87.0
84.0
87.0
84.0
91.0
83.0
89.0
82.0
83.0
82.0
82.0
104.5
