84.0
102.5
91.0
90.0
88.0
87.0
83.0
102.5
83.0
88.0
102.5
83.0
84.0
88.0
90.0
88.0
84.0
118.5
82.0
93.0
85.0
101.5
83.0
91.0
82.0
92.0
112.5
89.0
91.0
82.0
87.0
83.0
87.0
88.0
84.0
85.0
83.0
85.0
84.0
82.0
82.0
87.0
83.0
90.0
84.0
87.0
84.0
82.0
88.0
84.0
84.0
86.0
87.0
94.0
87.0
87.0
87.0
89.0
89.0
82.0
89.0
82.0
83.0
85.0
88.0
90.0
83.0
105.5
84.0
84.0
91.0
88.0
89.0
84.0
82.0
84.0
83.0
82.0
88.0
84.0
84.0
94.0
83.0
87.0
84.0
89.0
83.0
89.0
88.0
94.0
82.0
90.0
93.0
84.0
84.0
83.0
83.0
99.5
84.0
87.0
