88.0
87.0
85.0
83.0
89.0
100.5
84.0
89.0
105.5
90.0
88.0
83.0
85.0
82.0
83.0
84.0
88.0
89.0
90.0
90.0
84.0
85.0
84.0
88.0
83.0
84.0
84.0
87.0
90.0
88.0
85.0
84.0
85.0
83.0
82.0
83.0
83.0
88.0
84.0
98.5
91.0
91.0
83.0
82.0
84.0
88.0
84.0
88.0
85.0
98.5
82.0
82.0
90.0
82.0
84.0
84.0
83.0
98.5
96.0
89.0
83.0
83.0
84.0
84.0
84.0
101.5
83.0
82.0
89.0
98.5
92.0
84.0
82.0
88.0
112.5
84.0
86.0
93.0
82.0
93.0
97.5
94.0
87.0
88.0
88.0
84.0
94.0
92.0
84.0
84.0
83.0
88.0
83.0
84.0
83.0
84.0
88.0
84.0
84.0
85.0
