96.0
89.0
83.0
94.0
90.0
87.0
97.5
88.0
82.0
90.0
84.0
82.0
85.0
88.0
90.0
85.0
83.0
104.5
84.0
85.0
97.5
85.0
101.5
84.0
88.0
98.5
88.0
98.5
86.0
84.0
83.0
97.5
84.0
85.0
87.0
82.0
88.0
90.0
97.0
89.0
89.0
93.0
84.0
87.0
84.0
82.0
83.0
82.0
82.0
82.0
100.0
98.5
89.0
83.0
83.0
87.0
82.0
93.0
84.0
82.0
91.0
82.0
89.0
83.0
91.0
87.0
83.0
87.0
82.0
87.0
82.0
83.0
96.0
87.0
85.0
82.0
84.0
86.0
85.0
83.0
102.5
82.0
91.0
84.0
89.0
94.0
83.0
89.0
82.0
83.0
82.0
91.0
84.0
88.0
87.0
85.0
87.0
85.0
90.0
84.0
