89.0
89.0
84.0
84.0
84.0
83.0
83.0
85.0
85.0
91.0
89.0
93.0
102.5
85.0
87.0
86.0
98.5
82.0
82.0
90.0
84.0
84.0
83.0
85.0
101.5
98.5
89.0
85.0
87.0
90.0
90.0
84.0
82.0
90.0
88.0
100.0
83.0
87.0
84.0
88.0
85.0
83.0
88.0
84.0
87.0
85.0
88.0
82.0
88.0
89.0
88.0
97.5
88.0
92.0
84.0
84.0
84.0
88.0
88.0
84.0
88.0
93.0
96.0
89.0
83.0
96.0
84.0
84.0
82.0
90.0
82.0
105.5
82.0
84.0
89.0
82.0
88.0
84.0
82.0
83.0
91.0
91.0
88.0
88.0
89.0
88.0
83.0
83.0
102.0
88.0
83.0
95.0
83.0
84.0
83.0
84.0
82.0
82.0
88.0
85.0
