88.0
95.0
94.0
107.0
98.0
110.0
97.0
93.0
86.0
89.0
89.0
101.0
87.0
91.0
88.0
89.0
86.0
83.0
92.0
94.0
96.0
103.0
91.0
89.0
91.0
92.0
89.0
83.0
95.0
94.0
86.0
98.0
87.0
94.0
87.0
89.0
115.0
103.0
83.0
95.0
95.0
88.0
89.0
95.0
85.0
92.0
87.0
91.0
95.0
83.0
102.0
96.0
105.0
108.0
87.0
90.0
94.0
90.0
91.0
96.0
93.0
91.0
102.0
89.0
92.0
91.0
84.0
97.0
83.0
91.0
98.0
93.0
95.0
91.0
89.0
88.0
91.0
89.0
100.0
85.0
89.0
97.0
93.0
105.0
108.0
88.0
84.0
109.0
93.0
88.0
88.0
90.0
89.0
89.0
89.0
97.0
91.0
89.0
84.0
83.0
