98.0
86.0
101.0
92.0
91.0
98.0
88.0
84.0
83.0
86.0
103.0
100.0
90.0
92.0
92.0
102.0
87.0
98.0
92.0
89.0
94.0
92.0
91.0
93.0
86.0
92.0
98.0
87.0
95.0
93.0
92.0
91.0
92.0
93.0
89.0
99.0
91.0
95.0
95.0
83.0
89.0
92.0
96.0
92.0
89.0
93.0
94.0
91.0
90.0
94.0
96.0
98.0
97.0
95.0
91.0
93.0
91.0
96.0
93.0
86.0
92.0
91.0
91.0
98.0
87.0
87.0
95.0
98.0
94.0
94.0
94.0
83.0
83.0
98.0
100.0
108.0
87.0
96.0
96.0
95.0
89.0
89.0
91.0
92.0
94.0
94.0
94.0
89.0
91.0
83.0
93.0
86.0
87.0
94.0
103.0
97.0
96.0
99.0
94.0
88.0
