95.0
83.0
88.0
95.0
86.0
96.0
89.0
87.0
86.0
95.0
110.0
84.0
84.0
95.0
97.0
108.0
89.0
92.0
89.0
93.0
85.0
86.0
86.0
84.0
98.0
93.0
88.0
84.0
87.0
83.0
96.0
92.0
91.0
86.0
90.0
91.0
92.0
86.0
89.0
92.0
96.0
86.0
86.0
97.0
92.0
106.0
95.0
95.0
96.0
90.0
91.0
97.0
103.0
93.0
84.0
86.0
97.0
91.0
92.0
83.0
88.0
95.0
94.0
93.0
95.0
90.0
94.0
88.0
83.0
84.0
88.0
89.0
92.0
86.0
91.0
93.0
90.0
97.0
97.0
91.0
95.0
88.0
92.0
83.0
95.0
97.0
94.0
91.0
86.0
97.0
83.0
92.0
93.0
86.0
89.0
91.0
94.0
95.0
90.0
86.0
