92.0
87.0
100.0
97.0
92.0
98.0
94.0
93.0
93.0
89.0
95.0
100.0
92.0
97.0
88.0
92.0
91.0
95.0
91.0
98.0
92.0
92.0
97.0
92.0
91.0
91.0
92.0
96.0
94.0
83.0
100.0
85.0
95.0
92.0
87.0
101.0
104.0
95.0
86.0
89.0
91.0
96.0
95.0
99.0
91.0
93.0
98.0
91.0
101.0
87.0
91.0
83.0
103.0
97.0
90.0
86.0
101.0
91.0
83.0
91.0
98.0
89.0
91.0
97.0
89.0
93.0
90.0
91.0
92.0
97.0
95.0
89.0
87.0
91.0
97.0
86.0
92.0
83.0
89.0
92.0
95.0
95.0
100.0
92.0
98.0
84.0
84.0
87.0
112.0
99.0
95.0
85.0
87.0
91.0
96.0
93.0
91.0
84.0
90.0
94.0
