92.0
92.0
87.0
92.0
95.0
99.0
84.0
88.0
91.0
91.0
87.0
90.0
93.0
92.0
91.0
86.0
92.0
84.0
88.0
88.0
96.0
87.0
98.0
92.0
93.0
92.0
90.0
104.0
95.0
92.0
100.0
99.0
92.0
94.0
102.0
95.0
83.0
116.0
96.0
89.0
91.0
86.0
94.0
89.0
84.0
97.0
86.0
101.0
86.0
95.0
98.0
91.0
113.0
94.0
91.0
89.0
94.0
91.0
88.0
93.0
91.0
93.0
97.0
92.0
92.0
89.0
89.0
94.0
96.0
98.0
94.0
83.0
92.0
94.0
92.0
97.0
94.0
94.0
94.0
96.0
104.0
86.0
94.0
87.0
91.0
95.0
105.0
97.0
92.0
86.0
94.0
91.0
91.0
93.0
94.0
92.0
94.0
91.0
97.0
86.0
