91.0
87.0
97.0
87.0
83.0
83.0
88.0
95.0
91.0
86.0
88.0
86.0
86.0
93.0
84.0
95.0
86.0
89.0
92.0
95.0
92.0
86.0
94.0
86.0
88.0
91.0
94.0
87.0
86.0
93.0
98.0
89.0
86.0
96.0
94.0
87.0
91.0
83.0
86.0
98.0
91.0
86.0
92.0
86.0
96.0
86.0
91.0
101.0
95.0
99.0
83.0
91.0
86.0
90.0
91.0
83.0
85.0
93.0
86.0
98.0
95.0
86.0
91.0
83.0
98.0
86.0
88.0
97.0
107.0
89.0
94.0
91.0
91.0
87.0
92.0
92.0
94.0
89.0
97.0
87.0
88.0
90.0
94.0
83.0
96.0
86.0
86.0
92.0
86.0
97.0
92.0
91.0
98.0
89.0
86.0
96.0
91.0
83.0
89.0
95.0
