91.0
98.0
100.0
100.0
102.0
93.0
114.0
99.0
112.0
95.0
101.0
96.0
94.0
93.0
92.0
101.0
102.0
99.0
99.0
95.0
105.0
109.0
90.0
102.0
98.0
96.0
93.0
91.0
108.0
91.0
86.0
95.0
115.0
102.0
97.0
90.0
102.0
91.0
95.0
98.0
95.0
91.0
94.0
94.0
98.0
104.0
95.0
100.0
95.0
97.0
93.0
93.0
100.0
89.0
96.0
93.0
100.0
104.0
96.0
83.0
88.0
100.0
108.0
111.0
95.0
114.0
97.0
92.0
110.0
89.0
95.0
94.0
95.0
103.0
98.0
111.0
93.0
102.0
92.0
89.0
112.0
102.0
95.0
94.0
97.0
89.0
105.0
101.0
94.0
91.0
97.0
103.0
92.0
99.0
95.0
105.0
96.0
105.0
97.0
93.0
