921 567.258507057546 368.258507057546 851.241492942454
1842 566.7542616720957 360.2542616720957 768.2457383279043
2763 557.8945114006513 358.89451140065125 781.1054885993487
3684 540.9822366992398 346.9822366992398 800.0177633007602
4605 497.6685504885994 314.6685504885994 687.3314495114006
5526 420.3144191096633 258.3144191096633 500.6855808903367
6447 304.32998371335486 163.32998371335486 398.17001628664514
7368 205.8353148751357 98.83531487513571 285.66468512486426
8289 141.60169381107494 55.60169381107494 97.39830618892506
9210 104.3664929424539 21.366492942453903 51.6335070575461
10131 94.25299674267099 11.252996742670987 24.747003257329013
11052 92.6654940282302 9.6654940282302 15.3345059717698
11973 92.19782844733986 9.197828447339859 12.802171552660141
12894 91.71882736156353 8.718827361563527 13.281172638436473
13810 91.40334061135371 8.403340611353713 13.596659388646287
