76 575.4330263157894 322.93302631578945 734.0669736842106
152 566.3593421052633 317.8593421052633 729.1406578947367
228 569.0467105263156 344.54671052631556 762.9532894736844
304 550.7698684210527 320.2698684210527 534.2301315789473
380 534.8915131578949 287.8915131578949 615.1084868421051
456 506.1290789473683 255.12907894736833 449.8709210526317
532 447.9517763157895 277.4517763157895 351.0482236842105
608 370.4538815789474 192.4538815789474 293.5461184210526
684 271.2666447368422 117.26664473684218 235.23335526315782
760 209.628947368421 80.628947368421 141.371052631579
836 175.14440789473687 69.14440789473687 90.85559210526313
912 150.09703947368428 51.097039473684276 89.90296052631572
988 134.27921052631572 40.27921052631572 51.72078947368428
1064 124.56921052631581 32.569210526315814 44.430789473684186
1147 117.6666265060241 28.6666265060241 51.3333734939759
