79 574.8405696202533 333.3405696202533 773.1594303797467
158 578.2717721518989 320.27177215189886 754.2282278481011
237 565.2747468354431 325.7747468354431 542.7252531645569
316 563.8054430379748 302.3054430379748 726.6945569620252
395 542.2327848101264 315.7327848101264 603.7672151898736
474 507.80993670886085 309.80993670886085 732.1900632911392
553 465.8270253164556 257.8270253164556 476.1729746835444
632 389.00151898734185 234.00151898734185 330.99848101265815
711 289.9019620253164 139.90196202531638 271.0980379746836
790 219.39069620253164 87.39069620253164 209.10930379746836
869 175.8114556962026 67.81145569620259 101.18854430379741
948 152.05525316455692 47.055253164556916 53.944746835443084
1027 136.11265822784807 42.11265822784807 46.88734177215193
1106 126.79297468354426 37.79297468354426 47.20702531645574
1185 119.34025316455698 30.340253164556984 51.659746835443016
