79 571.8772784810126 307.8772784810126 718.6227215189874
158 550.5952531645573 287.59525316455733 739.4047468354427
237 560.596898734177 320.096898734177 688.903101265823
316 553.634746835443 351.134746835443 673.365253164557
395 557.0537974683546 315.55379746835456 489.44620253164544
474 519.7003797468353 306.2003797468353 555.7996202531647
553 460.1902531645569 275.1902531645569 473.8097468354431
632 392.9168354430378 209.91683544303783 326.0831645569622
711 298.4087341772153 154.9087341772153 262.0912658227847
790 218.68696202531646 79.68696202531646 149.81303797468354
869 175.95101265822788 56.95101265822788 113.04898734177212
948 149.4305063291139 52.43050632911391 112.56949367088609
1027 132.47556962025314 37.47556962025314 74.02443037974686
1106 122.25158227848098 29.25158227848098 54.74841772151902
1187 115.63771604938276 27.63771604938276 51.36228395061724
