79 564.7763291139244 329.27632911392436 622.2236708860756
158 569.4393670886076 357.9393670886076 685.0606329113924
237 570.5021518987339 289.0021518987339 684.9978481012661
316 567.5031645569619 293.0031645569619 690.9968354430381
395 543.4184177215188 280.41841772151884 478.58158227848116
474 519.7191139240505 270.2191139240505 651.7808860759495
553 462.0498101265824 254.04981012658237 382.4501898734176
632 387.7855696202533 199.78556962025328 380.7144303797467
711 299.09873417721525 139.09873417721525 224.40126582278475
790 217.45360759493667 84.45360759493667 191.04639240506333
869 175.6201265822785 76.62012658227849 128.3798734177215
948 149.4248101265823 54.42481012658229 66.57518987341771
1027 133.2442405063291 45.244240506329106 42.755759493670894
1106 122.75791139240502 34.75791139240502 41.24208860759498
1187 116.26376543209875 30.26376543209875 35.73623456790125
