79 569.5814556962026 329.0814556962026 712.9185443037974
158 580.1250632911392 321.6250632911392 770.8749367088608
237 568.7277215189874 327.72772151898744 635.7722784810126
316 557.3898734177212 320.8898734177212 711.1101265822788
395 552.6303797468354 283.6303797468354 612.8696202531646
474 523.6306962025315 303.63069620253145 703.8693037974685
553 464.4108860759493 250.4108860759493 452.0891139240507
632 388.29924050632917 226.29924050632917 314.70075949367083
711 299.73962025316456 133.73962025316456 331.76037974683544
790 220.40075949367085 88.40075949367085 163.59924050632915
869 177.14968354430374 59.14968354430374 117.35031645569626
948 153.5787974683544 44.578797468354395 119.9212025316456
1027 135.5455696202532 36.54556962025319 97.45443037974681
1106 124.12050632911387 31.120506329113866 89.87949367088613
1188 117.3912195121951 27.391219512195093 87.6087804878049
