79 578.9830379746836 361.9830379746836 507.0169620253164
158 569.3503797468353 363.3503797468353 656.1496202531647
237 574.1913291139243 323.6913291139243 691.8086708860757
316 570.1879113924049 334.1879113924049 655.8120886075951
395 542.5298101265823 291.52981012658233 547.9701898734177
474 517.1657594936707 283.66575949367075 465.33424050632925
553 475.43379746835444 268.93379746835444 369.06620253164556
632 390.6311392405064 196.1311392405064 310.8688607594936
711 291.169493670886 123.16949367088603 264.830506329114
790 220.06202531645562 79.06202531645562 141.43797468354438
869 177.38094936708853 45.38094936708853 84.61905063291147
948 152.5028481012658 53.50284810126581 65.49715189873419
1027 135.46943037974683 42.469430379746825 49.530569620253175
1106 125.15379746835448 34.15379746835448 49.84620253164552
1189 117.94975903614456 26.949759036144556 41.050240963855444
