79 563.6341772151899 292.6341772151899 819.8658227848101
158 573.000253164557 311.00025316455697 638.999746835443
237 567.442341772152 307.44234177215196 747.557658227848
316 553.6143670886074 338.1143670886074 717.8856329113926
395 545.4260759493673 353.42607594936726 570.0739240506327
474 516.1148734177216 280.6148734177216 524.3851265822784
553 468.66810126582277 272.16810126582277 403.83189873417723
632 402.12253164556967 201.62253164556967 343.87746835443033
711 298.52658227848104 144.52658227848104 268.97341772151896
790 217.4306962025317 78.43069620253169 157.5693037974683
869 176.87272151898725 55.87272151898725 87.12727848101275
948 154.068164556962 44.06816455696199 60.43183544303801
1027 136.93107594936706 37.931075949367056 46.068924050632944
1106 126.00284810126581 38.00284810126581 52.99715189873419
1189 118.6910240963855 35.691024096385505 50.308975903614495
