79 581.4561392405062 384.4561392405062 748.0438607594938
158 578.1594936708859 370.1594936708859 660.3405063291141
237 559.2808227848102 355.2808227848102 589.7191772151898
316 558.6410759493672 311.6410759493672 767.3589240506328
395 541.054493670886 335.054493670886 655.445506329114
474 519.732405063291 289.232405063291 845.267594936709
553 465.465759493671 238.965759493671 513.0342405063291
632 380.2882278481011 198.2882278481011 295.7117721518989
711 297.60664556962035 141.60664556962035 249.89335443037965
790 221.95265822784822 87.95265822784822 251.54734177215178
869 177.39873417721523 60.39873417721523 87.60126582278477
948 152.2259493670886 50.22594936708859 99.77405063291141
1027 134.6974683544303 42.6974683544303 51.3025316455697
1106 123.40544303797469 32.40544303797469 37.59455696202531
1191 116.78811764705887 25.78811764705887 42.21188235294113
