80 569.8398125 319.8398125 782.1601875
160 573.5873124999999 340.08731249999994 833.4126875000001
240 562.4361249999997 342.9361249999997 667.5638750000003
320 554.1679375000002 303.6679375000002 760.3320624999998
400 550.5461874999999 301.04618749999986 761.9538125000001
480 513.7914375000001 306.29143750000014 533.2085624999999
560 474.38618749999995 266.38618749999995 360.61381250000005
640 391.6563125000001 198.65631250000013 351.3436874999999
720 294.65718749999996 142.65718749999996 317.34281250000004
800 222.33400000000006 84.33400000000006 140.16599999999994
880 176.34012499999994 57.340124999999944 99.65987500000006
960 149.5024375 45.50243750000001 81.99756249999999
1040 133.44712500000003 42.44712500000003 49.55287499999997
1120 123.13149999999996 32.13149999999996 40.86850000000004
1194 116.97824324324328 27.978243243243284 36.021756756756716
