72 576.1474305555553 318.6474305555553 800.3525694444447
144 572.7552777777779 305.7552777777779 715.2447222222221
216 565.5584722222222 340.05847222222224 693.4415277777778
288 534.526111111111 299.02611111111105 450.47388888888895
360 516.9294444444445 282.92944444444447 473.07055555555553
432 469.4129166666667 256.9129166666667 411.0870833333333
504 412.3701388888889 241.3701388888889 439.1298611111111
576 316.7820833333334 171.7820833333334 300.2179166666666
648 240.35319444444445 103.35319444444445 233.64680555555555
720 192.92194444444442 67.92194444444442 112.57805555555558
792 163.4856944444444 52.48569444444439 84.01430555555561
864 144.23611111111111 35.236111111111114 62.763888888888886
936 133.27486111111114 36.274861111111136 49.725138888888864
1008 124.91083333333329 34.91083333333329 37.08916666666671
1078 118.78457142857144 31.78457142857144 34.21542857142856
