104.5
90.0
112.0
103.5
103.0
115.0
95.0
105.5
99.0
107.5
129.5
89.0
93.0
100.0
100.0
96.0
95.0
98.0
95.0
84.0
104.5
123.5
102.0
107.5
84.0
103.0
96.0
107.5
104.5
88.0
111.0
105.0
116.0
95.0
98.5
131.5
115.5
97.0
109.0
110.0
111.0
94.0
105.5
106.5
101.0
86.0
95.0
134.5
104.0
135.5
98.0
110.0
112.5
120.0
97.5
106.0
103.0
99.0
100.0
88.0
93.0
91.0
108.5
114.5
92.0
88.0
84.0
84.0
103.0
85.0
90.0
127.5
130.5
100.0
106.5
109.5
92.0
83.0
96.0
114.5
106.5
131.5
106.5
117.0
91.0
119.5
99.0
118.0
118.5
97.5
102.0
115.5
98.0
97.0
100.0
115.5
98.0
104.0
118.5
124.5