97.0
104.5
106.0
129.5
126.5
83.0
102.0
105.0
91.0
108.0
104.0
125.5
93.0
97.0
89.0
93.0
99.0
91.0
104.0
88.0
84.0
98.0
98.0
110.5
103.5
108.0
127.5
89.0
144.5
91.0
94.0
92.0
102.0
106.0
84.0
107.5
108.5
113.0
84.0
82.0
105.5
89.0
95.0
111.0
97.0
108.5
83.0
97.5
91.0
105.0
91.0
122.0
101.0
105.0
100.0
101.0
132.5
104.0
113.0
91.0
97.0
107.5
115.5
104.0
108.5
85.0
115.5
107.5
89.0
123.5
111.5
82.0
102.0
86.0
84.0
93.0
88.0
92.0
106.0
85.0
114.5
102.5
103.0
112.5
122.0
92.0
84.0
98.0
130.5
107.0
84.0
113.5
113.0
134.5
100.0
115.5
108.5
111.5
115.0
114.0
