108.5
103.0
84.0
98.0
105.5
97.5
84.0
114.5
108.5
103.0
106.5
117.5
86.0
129.0
113.5
109.5
131.5
105.5
116.5
97.0
98.5
82.0
91.0
106.0
107.0
117.5
104.0
103.5
100.5
98.0
105.5
96.0
91.0
103.0
98.0
103.5
87.0
88.0
101.5
126.5
111.5
87.0
98.5
125.5
96.0
101.0
82.0
133.5
106.0
114.5
96.0
105.5
95.0
115.5
108.0
104.0
108.5
103.0
97.0
102.0
98.0
105.0
120.5
100.5
101.0
103.0
123.5
114.5
122.0
107.0
110.5
103.5
95.0
117.5
101.0
91.0
89.0
116.5
98.5
119.0
120.5
98.5
107.5
106.5
85.0
82.0
116.5
103.0
97.5
83.0
96.5
124.5
99.0
143.5
118.0
116.0
106.5
102.0
105.5
103.5
