107.5
119.5
88.0
97.0
105.0
88.0
103.5
88.0
119.5
93.0
100.0
112.0
147.5
83.0
97.0
99.0
87.0
103.5
107.0
86.0
104.5
113.0
92.0
109.5
106.5
109.5
113.0
84.0
141.5
113.5
96.0
102.5
105.5
97.0
127.0
103.0
84.0
125.0
101.0
99.0
111.5
97.0
98.0
108.0
105.0
102.5
96.0
99.0
109.5
125.0
93.0
115.5
119.5
93.0
124.0
91.0
93.0
86.0
110.5
121.5
105.5
101.0
97.5
108.0
107.5
107.0
100.5
100.0
114.5
127.5
103.0
101.0
93.0
93.0
96.0
95.0
124.5
103.0
99.0
115.5
103.0
96.5
114.5
106.0
112.5
110.5
119.5
87.0
139.5
91.0
104.5
98.0
135.5
99.0
107.0
105.5
121.0
98.0
90.0
116.5
