83.0
122.5
129.5
95.0
83.0
114.5
108.5
89.0
115.5
123.5
101.5
93.0
122.5
123.0
97.0
139.5
112.5
98.0
115.5
82.0
127.0
97.0
98.5
88.0
112.0
119.5
115.0
103.0
108.0
87.0
113.5
113.5
107.5
113.5
105.5
119.5
103.0
109.0
128.5
127.0
115.5
108.0
85.0
111.0
103.5
90.0
105.0
107.5
106.5
99.0
98.0
110.5
129.5
96.0
99.5
101.0
112.5
112.0
107.0
118.0
101.0
90.0
131.5
117.0
90.0
91.0
93.0
98.0
83.0
98.5
105.5
134.5
103.5
111.0
104.0
109.0
98.5
118.5
111.5
110.0
123.0
113.5
95.0
87.0
102.0
89.0
107.5
98.0
113.5
121.5
89.0
101.0
118.5
96.0
91.0
85.0
101.0
109.5
110.5
98.0
