130.5
96.0
104.0
96.5
111.5
119.0
114.5
110.5
93.0
119.5
114.0
133.5
111.5
113.0
99.0
109.0
83.0
90.0
108.0
103.5
104.0
107.5
88.0
107.0
84.0
106.0
85.0
90.0
97.0
124.0
110.5
88.0
96.0
91.0
90.0
105.5
92.0
91.0
88.0
95.0
105.0
90.0
98.0
88.0
98.5
115.5
113.5
116.5
117.0
97.0
123.5
112.0
83.0
101.5
103.0
91.0
98.0
116.5
84.0
85.0
110.5
120.5
117.5
91.0
111.5
96.0
135.5
110.5
117.5
96.0
88.0
88.0
117.5
92.0
87.0
105.5
113.0
86.0
133.5
82.0
105.5
92.0
118.5
108.0
123.5
103.0
107.0
132.5
93.0
90.0
97.0
97.0
90.0
101.0
93.0
117.0
104.0
109.0
102.0
83.0
