108.0
87.0
106.5
102.0
103.5
119.0
136.5
110.5
96.0
118.5
108.5
88.0
108.0
100.0
91.0
108.0
99.0
103.0
90.0
90.0
107.0
114.5
93.0
94.0
111.5
85.0
116.5
91.0
112.5
89.0
91.0
105.0
126.5
125.5
100.0
96.0
102.5
115.5
96.0
114.5
108.5
87.0
123.0
113.5
139.5
93.0
120.0
91.0
84.0
87.0
111.5
118.5
110.0
100.0
105.5
94.0
83.0
89.0
116.0
90.0
115.5
101.0
82.0
84.0
104.5
91.0
119.0
114.5
126.5
123.5
105.0
98.0
93.0
119.0
126.5
107.0
108.0
98.0
84.0
110.5
112.5
112.0
96.5
95.0
104.5
135.5
98.0
112.0
87.0
119.5
97.5
83.0
102.5
107.0
111.5
118.5
132.0
124.0
95.0
91.0
