97.0
105.5
133.5
111.5
115.5
92.0
102.5
98.5
117.0
109.0
117.5
89.0
91.0
101.5
109.5
123.5
102.0
83.0
119.5
111.0
119.5
109.0
102.0
102.0
108.0
104.0
108.5
91.0
103.5
105.5
98.5
91.0
84.0
101.0
82.0
91.0
91.0
91.0
106.5
128.5
90.0
138.5
133.5
113.5
94.0
100.0
115.0
110.5
128.5
117.5
103.5
84.0
106.0
90.0
91.0
86.0
105.0
93.0
95.0
98.0
116.5
123.5
90.0
115.5
100.0
102.0
97.0
109.0
123.5
84.0
124.5
97.0
107.5
99.5
104.0
89.0
95.0
100.0
106.5
92.0
108.5
84.0
97.5
94.0
116.5
96.0
96.0
142.5
103.5
110.5
119.0
86.0
97.0
98.0
100.5
99.5
99.5
114.0
87.0
114.0
