104.5
91.0
105.5
123.0
114.5
110.0
84.0
114.5
96.0
107.5
100.0
106.0
84.0
112.5
112.5
83.0
92.0
127.5
109.0
118.0
119.5
94.0
101.0
92.0
88.0
94.0
103.5
128.5
91.0
112.5
95.0
97.0
95.0
105.5
141.5
93.0
102.0
98.5
107.0
107.5
106.0
85.0
122.5
103.0
116.5
116.0
114.5
109.5
103.0
92.0
108.0
112.0
132.5
124.5
118.5
110.0
117.0
109.5
98.0
89.0
114.5
101.0
109.0
135.5
96.0
100.0
103.0
98.0
137.0
118.5
87.0
94.0
98.0
105.0
119.0
149.5
130.5
102.5
115.5
120.5
113.0
102.0
102.5
122.5
107.5
98.5
97.5
102.0
104.0
104.5
133.5
87.0
147.5
100.0
141.5
98.0
117.5
133.5
103.0
122.5
