107.0
111.0
92.0
95.0
100.0
95.0
89.0
113.5
89.0
94.0
106.0
107.5
105.0
97.0
121.0
99.0
107.0
98.0
105.0
124.5
103.0
85.0
102.0
118.0
108.0
88.0
114.5
110.0
96.0
93.0
103.0
131.0
99.0
99.5
91.0
96.5
107.0
89.0
102.0
111.5
88.0
104.0
111.0
141.5
111.5
105.0
110.5
113.5
101.0
85.0
103.0
111.5
119.5
134.5
93.0
110.0
119.5
94.0
98.5
83.0
110.5
90.0
103.0
89.0
99.0
104.0
97.0
103.5
88.0
110.5
116.5
124.5
102.5
96.0
94.0
102.0
90.0
152.5
105.0
107.5
84.0
87.0
112.0
107.5
115.5
104.5
124.5
99.0
99.0
132.5
98.0
128.5
95.0
93.0
108.0
107.5
107.0
100.0
97.5
94.0
