125.5
95.0
90.0
115.5
121.0
90.0
120.5
96.0
106.0
97.0
124.5
115.5
104.0
94.0
102.5
114.5
117.5
103.5
108.0
115.5
104.5
114.5
114.0
96.5
91.0
130.0
103.0
105.5
133.5
130.5
124.0
101.0
100.5
94.0
100.0
90.0
91.0
101.5
113.5
115.5
91.0
109.0
115.5
110.0
112.0
87.0
131.0
95.0
94.0
112.5
102.0
93.0
91.0
103.5
105.5
121.5
108.0
107.0
100.0
126.0
108.5
109.0
95.0
138.5
84.0
97.5
88.0
129.5
100.0
94.0
114.5
116.5
98.0
99.0
119.0
105.5
113.5
115.5
118.5
91.0
121.5
110.5
113.5
90.0
98.5
96.0
113.0
128.5
107.5
112.5
103.0
107.0
111.5
97.0
136.5
105.0
132.5
123.5
128.5
99.5
