97.0
111.0
103.5
110.0
100.0
114.5
99.0
96.0
113.0
126.5
115.5
118.5
93.0
121.0
90.0
118.0
101.0
83.0
105.0
83.0
114.5
95.0
87.0
113.5
106.0
86.0
117.0
126.5
122.5
107.0
97.5
87.0
126.5
113.5
116.0
115.0
91.0
82.0
119.0
90.0
125.5
95.0
90.0
110.0
100.0
84.0
105.5
95.0
91.0
104.0
91.0
87.0
129.5
118.5
122.5
100.0
109.0
104.5
90.0
110.0
83.0
104.5
110.5
131.5
112.0
95.0
105.0
117.0
106.5
99.0
84.0
143.0
116.0
97.0
102.5
90.0
114.0
115.0
83.0
91.0
117.5
114.5
114.0
114.5
94.0
125.5
91.0
97.0
113.0
91.0
100.0
102.0
92.0
100.5
111.5
126.5
106.5
117.5
110.5
122.5
