122.0
114.5
88.0
104.0
125.5
96.0
92.0
133.5
96.0
103.5
109.0
108.0
92.0
112.0
116.5
83.0
90.0
90.0
98.5
102.0
85.0
96.0
96.0
102.0
106.0
96.0
109.0
106.0
86.0
117.0
101.5
105.5
111.0
96.0
110.0
110.0
108.0
91.0
116.0
99.0
97.0
113.0
104.5
110.0
105.5
104.0
105.0
114.0
106.5
91.0
106.5
113.5
105.5
109.5
97.0
115.5
116.5
98.5
130.5
111.0
97.0
88.0
106.0
89.0
96.0
96.0
89.0
95.0
90.0
114.0
109.5
83.0
149.5
103.5
112.0
105.5
91.0
101.0
97.0
101.0
109.5
103.5
98.5
86.0
116.0
114.5
134.5
117.0
86.0
114.5
96.0
92.0
100.0
114.0
99.0
94.0
116.0
90.0
98.5
97.0
