99.5
93.0
108.0
114.5
101.0
106.0
147.5
111.5
107.0
98.5
104.0
82.0
113.5
116.5
103.0
103.0
106.5
105.5
135.5
116.5
100.0
136.5
82.0
104.5
116.5
102.0
95.0
126.5
91.0
112.0
111.0
91.0
138.5
98.0
98.0
96.0
122.5
119.5
96.0
104.0
96.0
109.0
109.5
84.0
123.0
134.5
110.5
116.0
92.0
97.5
106.0
104.0
101.0
108.0
105.0
95.0
121.5
111.5
115.5
146.5
90.0
124.5
102.0
110.0
96.0
107.5
99.0
91.0
90.0
102.5
110.0
99.0
103.0
97.0
85.0
110.5
114.5
109.5
105.0
126.5
107.5
90.0
117.5
83.0
105.5
105.0
126.5
114.5
125.5
125.0
142.5
86.0
98.0
103.0
95.0
101.0
100.0
104.5
113.5
107.5
