114.5
103.0
110.5
124.5
102.0
108.5
101.0
84.0
93.0
95.0
89.0
113.5
96.0
95.0
105.0
91.0
84.0
97.0
105.0
93.0
125.5
93.0
118.5
111.0
111.5
118.5
90.0
118.5
105.5
94.0
102.5
102.0
108.0
93.0
93.0
108.5
93.0
104.5
114.5
84.0
103.0
95.0
85.0
91.0
112.0
112.5
101.0
108.0
111.5
105.5
92.0
105.0
91.0
119.0
84.0
95.0
105.5
93.0
92.0
100.0
94.0
104.5
110.0
110.0
118.5
83.0
102.5
108.0
107.0
86.0
111.0
101.0
85.0
116.0
98.5
104.0
110.5
103.0
97.0
99.0
83.0
109.5
92.0
125.0
121.5
103.0
121.5
89.0
88.0
98.0
91.0
105.5
123.5
108.0
126.5
98.5
98.0
118.5
99.0
142.5
