102.0
105.5
109.0
84.0
106.5
103.0
95.0
93.0
134.5
118.5
85.0
99.0
107.0
96.0
97.0
85.0
116.5
94.0
99.0
121.0
88.0
96.0
119.5
91.0
94.0
104.0
118.5
121.5
111.5
123.5
101.0
87.0
100.5
88.0
116.5
118.0
84.0
91.0
108.5
123.5
95.0
112.5
93.0
101.0
91.0
111.0
99.0
100.0
94.0
107.0
98.0
85.0
102.0
86.0
95.0
95.0
96.5
91.0
100.0
97.0
102.5
116.0
89.0
102.0
114.5
97.5
107.0
99.5
134.5
89.0
98.5
108.5
95.0
97.0
103.5
94.0
114.5
101.5
105.5
138.5
108.0
92.0
106.0
96.0
98.0
111.5
100.0
85.0
111.5
97.0
111.0
101.0
108.5
104.5
92.0
97.0
115.5
120.5
85.0
108.0
