109.5
125.5
132.5
111.5
119.5
114.0
102.0
111.0
118.5
105.0
90.0
112.5
87.0
84.0
90.0
112.0
118.5
120.5
148.5
102.0
92.0
128.5
92.0
121.0
95.0
104.0
84.0
99.0
102.5
103.5
126.5
128.5
84.0
95.0
120.5
98.0
101.0
102.0
127.5
96.0
133.0
104.5
99.0
93.0
91.0
101.5
100.0
115.0
100.0
111.0
88.0
121.5
96.0
106.5
114.0
113.5
107.0
129.5
108.5
113.0
103.0
98.0
116.5
92.0
94.0
122.5
108.5
103.0
110.5
90.0
97.0
104.0
111.0
121.5
114.5
98.0
90.0
94.0
114.5
111.0
110.5
115.5
100.5
116.5
97.0
109.0
103.0
104.5
92.0
93.0
109.5
90.0
90.0
110.5
122.0
99.5
93.0
111.5
106.0
119.5
