82.0
92.0
103.0
139.5
108.5
98.0
134.5
127.5
117.5
105.5
91.0
119.0
109.0
128.5
98.0
115.5
126.5
111.5
119.5
103.5
122.0
108.0
98.5
111.5
90.0
133.0
105.5
106.0
91.0
103.5
111.5
99.0
128.5
125.0
111.0
119.5
96.0
96.0
109.5
124.5
97.0
114.5
83.0
141.5
93.0
110.5
101.0
97.5
130.5
86.0
82.0
99.0
118.0
97.0
83.0
143.0
97.0
108.0
126.5
112.5
97.0
99.0
88.0
122.0
117.5
113.5
116.0
134.0
107.0
119.5
110.5
100.0
109.0
104.0
83.0
115.5
104.0
105.0
100.0
84.0
94.0
110.5
100.0
117.0
113.5
98.5
131.5
131.0
101.0
145.5
97.5
92.0
115.5
134.5
96.0
99.0
89.0
85.0
105.0
100.0
