121.0
109.5
105.0
120.5
108.0
106.0
117.5
95.0
105.0
108.5
94.0
107.0
121.0
110.0
107.5
120.5
113.0
103.5
115.5
121.5
122.5
89.0
109.0
92.0
96.0
110.5
135.5
105.5
125.0
111.0
117.5
112.5
111.5
117.5
111.5
98.5
116.5
101.5
104.0
97.0
117.5
133.5
83.0
108.0
93.0
105.5
109.0
83.0
105.5
135.5
111.0
92.0
90.0
100.0
97.0
124.5
103.0
85.0
124.5
85.0
109.5
128.5
131.5
101.5
100.0
98.5
99.0
91.0
84.0
99.0
110.0
113.0
111.5
105.5
91.0
98.0
104.5
107.0
91.0
101.5
129.5
96.5
116.0
118.0
117.5
120.5
120.5
127.5
110.0
105.5
113.0
110.5
117.0
120.0
115.5
101.0
113.0
135.5
103.0
101.0
