114.0
113.5
108.0
108.5
93.0
97.5
84.0
133.5
115.0
93.0
91.0
106.0
122.5
91.0
114.5
107.0
111.0
94.0
122.5
92.0
125.5
108.5
93.0
130.5
107.5
126.5
98.0
136.5
117.5
108.0
94.0
132.5
101.5
98.5
107.0
104.5
112.0
93.0
111.0
92.0
119.0
154.5
114.5
98.0
95.0
109.5
92.0
97.0
90.0
131.5
105.0
99.0
99.0
84.0
108.0
109.5
127.5
90.0
95.0
101.0
94.0
105.5
117.0
90.0
99.0
117.0
120.5
98.0
121.5
101.0
105.5
90.0
116.5
107.0
124.0
107.5
96.0
104.0
117.0
93.0
103.0
102.5
137.0
85.0
99.0
89.0
88.0
99.5
102.0
128.5
104.0
106.0
107.5
109.5
100.5
112.5
124.0
111.5
140.5
107.0
