114.5
105.5
107.0
99.5
122.5
87.0
124.5
83.0
100.0
101.0
105.0
87.0
122.5
92.0
96.0
96.0
105.0
105.5
97.5
102.5
117.0
111.0
90.0
98.5
105.5
97.5
98.0
89.0
108.0
98.0
109.0
87.0
103.0
90.0
113.0
115.0
84.0
89.0
100.0
101.0
105.0
83.0
97.0
91.0
117.5
84.0
91.0
91.0
107.5
111.5
104.0
124.5
116.0
104.0
133.5
129.5
105.5
131.5
91.0
99.0
106.5
92.0
101.0
104.5
99.0
118.5
122.5
91.0
107.0
115.5
110.0
103.0
99.0
102.5
117.5
101.0
95.0
109.0
115.5
83.0
105.0
95.0
97.0
129.5
89.0
137.5
108.5
102.0
87.0
109.0
100.5
128.5
96.0
89.0
103.0
91.0
91.0
98.0
93.0
107.5
