106.0
105.5
112.5
118.5
104.0
102.0
120.5
100.0
112.0
109.0
93.0
96.0
109.5
93.0
109.0
120.0
124.5
122.5
100.0
92.0
94.0
91.0
99.0
83.0
100.0
108.0
90.0
109.0
109.0
106.0
116.0
94.0
120.5
83.0
87.0
99.5
87.0
109.5
85.0
105.5
101.5
100.0
104.5
84.0
97.5
106.0
110.0
94.0
111.0
93.0
98.5
108.0
107.0
85.0
84.0
98.5
111.0
113.5
98.0
107.5
109.5
112.0
103.5
85.0
90.0
109.5
104.5
117.5
99.5
102.5
106.5
83.0
132.5
83.0
112.0
113.5
106.5
100.0
89.0
104.5
112.0
109.5
115.5
107.5
105.0
101.0
100.0
113.5
112.5
121.5
120.5
105.5
99.0
106.0
110.5
101.0
91.0
84.0
96.0
119.0
