101.0
113.5
127.5
116.0
115.0
113.0
96.0
92.0
105.0
98.5
91.0
108.5
103.5
128.5
107.0
118.5
103.0
104.0
131.0
125.0
104.0
123.5
98.0
119.5
114.5
120.5
97.0
116.5
110.0
102.5
122.5
140.5
111.5
133.0
101.0
118.5
96.0
116.0
111.5
127.5
101.0
94.0
112.0
124.5
122.5
105.5
96.0
121.0
130.0
119.5
108.0
99.0
118.5
121.0
97.0
90.0
116.5
106.0
108.0
116.5
125.5
128.5
92.0
108.0
120.5
101.0
90.0
101.0
96.0
100.0
107.0
108.0
102.0
93.0
87.0
105.5
100.0
95.0
110.0
131.5
97.0
143.5
119.5
102.5
108.0
116.5
111.5
102.0
93.0
115.5
130.5
115.0
85.0
99.0
93.0
91.0
93.0
104.0
104.0
97.0
