105.5
112.5
120.0
99.0
89.0
112.0
108.0
103.5
98.0
99.0
107.0
99.0
98.0
105.5
101.0
96.0
89.0
84.0
89.0
102.0
106.0
121.5
112.5
115.5
98.0
92.0
114.0
117.5
120.5
129.5
114.5
103.5
101.0
120.0
109.5
112.5
110.5
108.0
85.0
103.0
122.5
105.0
163.5
85.0
122.5
84.0
130.5
110.5
112.5
104.0
108.0
106.0
101.0
100.5
118.5
111.0
112.0
114.0
98.0
110.0
107.0
130.0
138.5
99.5
98.0
92.0
85.0
107.0
113.0
92.0
98.0
108.0
120.5
106.5
102.0
91.0
123.0
89.0
88.0
99.0
125.5
107.0
122.0
134.5
126.5
111.5
104.0
148.5
89.0
92.0
109.0
97.0
119.5
99.0
90.0
123.5
102.0
112.5
134.5
106.0
