143.5
88.0
101.5
92.0
98.5
126.5
104.0
108.5
99.0
102.5
83.0
90.0
107.0
110.0
91.0
100.0
101.5
123.0
91.0
97.0
116.0
106.0
124.5
99.0
100.0
109.5
93.0
85.0
111.5
84.0
109.0
120.5
102.0
119.5
128.0
97.0
111.5
102.0
96.0
95.0
116.5
95.0
106.5
91.0
94.0
99.0
124.5
119.5
91.0
106.5
104.0
86.0
106.0
105.0
98.5
122.5
119.5
98.0
112.5
105.0
101.5
97.0
123.5
111.0
114.5
103.0
100.0
108.0
89.0
94.0
124.5
122.5
90.0
101.0
83.0
103.0
108.5
106.0
102.5
92.0
116.5
98.0
134.5
101.5
112.0
94.0
104.0
90.0
98.5
102.0
103.0
99.0
107.0
109.5
105.5
110.5
121.5
87.0
107.0
113.5
