95.0
92.0
110.5
118.5
92.0
116.0
124.5
92.0
97.0
82.0
120.5
103.0
94.0
104.0
90.0
93.0
109.5
84.0
89.0
110.0
99.0
128.5
89.0
92.0
85.0
87.0
105.5
93.0
96.0
91.0
83.0
113.5
93.0
97.0
119.0
107.5
109.0
91.0
121.5
102.0
119.0
94.0
104.0
90.0
110.0
108.0
119.0
95.0
86.0
99.0
125.5
107.5
84.0
120.5
94.0
116.5
102.0
97.0
84.0
83.0
102.5
114.5
99.0
123.0
100.0
98.0
97.0
106.5
89.0
106.0
120.5
112.5
97.0
103.0
97.0
118.5
117.5
82.0
125.5
117.5
122.0
102.0
106.0
90.0
88.0
99.0
105.0
89.0
84.0
146.5
85.0
99.0
122.5
124.5
111.0
118.0
127.5
100.0
87.0
122.5
