79 746.2812025316454 398.28120253164536 545.2187974683546
158 739.8712025316453 413.8712025316453 484.1287974683547
237 749.8282278481014 407.8282278481014 449.1717721518986
316 744.4652531645569 351.4652531645569 473.0347468354431
395 701.4858860759491 403.4858860759491 464.0141139240509
474 674.3108860759494 391.3108860759494 509.6891139240506
553 591.717088607595 306.717088607595 429.282911392405
632 481.5798101265822 273.0798101265822 374.9201898734178
711 351.9305696202533 160.93056962025332 266.0694303797467
790 264.3318987341774 75.3318987341774 187.1681012658226
869 217.78569620253168 67.78569620253168 86.21430379746832
948 194.05512658227855 47.05512658227855 58.94487341772145
1027 181.09911392405064 36.09911392405064 50.90088607594936
1106 172.97189873417716 27.97189873417716 45.02810126582284
1185 169.1051265822785 30.1051265822785 43.8948734177215
