79 734.3924683544302 378.8924683544302 511.6075316455698
158 744.9824050632913 380.98240506329125 513.0175949367087
237 736.8555696202535 368.3555696202535 479.1444303797465
316 730.9196202531648 379.4196202531648 572.5803797468352
395 712.5256962025317 415.52569620253166 584.4743037974683
474 678.9836075949365 370.48360759493653 555.0163924050635
553 582.2031012658229 299.20310126582285 432.79689873417715
632 468.5048101265825 245.50481012658253 322.4951898734175
711 345.90943037974677 168.90943037974677 304.09056962025323
790 257.00468354430376 91.00468354430376 183.99531645569624
869 214.7281012658227 59.72810126582269 115.77189873417731
948 192.46259493670888 37.46259493670888 59.53740506329112
1027 178.64765822784813 28.647658227848126 42.852341772151874
1106 171.8862025316455 29.886202531645495 46.613797468354505
1186 167.35825 25.358249999999998 51.14175
