948 749.0281329113922 468.02813291139216 906.9718670886078
1896 738.2131856540083 447.71318565400827 552.2868143459917
2844 740.0356276371308 468.0356276371308 599.9643723628692
3792 715.8809229957806 418.88092299578057 673.1190770042194
4740 665.4007489451476 364.4007489451476 584.5992510548524
5688 567.0854272151897 321.0854272151897 483.4145727848103
6636 406.9983386075948 223.9983386075948 467.0016613924052
7584 262.08934599156123 105.08934599156123 321.91065400843877
8532 192.23443037974687 52.23443037974687 110.26556962025313
9480 159.45186181434602 21.451861814346017 49.54813818565398
10428 148.08993670886082 10.089936708860819 29.91006329113918
11376 145.13111814345993 7.131118143459929 26.36888185654007
12324 144.01459388185654 6.014593881856541 27.48540611814346
13272 143.24026371308014 5.2402637130801395 14.75973628691986
14215 142.62054082714735 4.620540827147352 14.379459172852648
