79 748.0202531645568 391.02025316455683 520.4797468354432
158 750.5598734177213 413.5598734177213 480.9401265822787
237 738.6998734177215 391.1998734177215 428.8001265822785
316 746.0992405063289 434.5992405063289 482.4007594936711
395 702.5591139240505 405.5591139240505 456.4408860759495
474 666.7736075949371 351.77360759493706 451.72639240506294
553 589.5034810126582 321.0034810126582 424.9965189873418
632 486.44917721518976 249.94917721518976 362.55082278481024
711 355.77253164556953 159.77253164556953 276.22746835443047
790 261.68101265822787 86.68101265822787 152.31898734177213
869 218.2397468354431 56.2397468354431 139.7602531645569
948 193.1883544303798 42.1883544303798 86.3116455696202
1027 179.49259493670877 33.49259493670877 87.00740506329123
1106 172.8305696202532 28.830569620253186 93.66943037974681
1188 168.79243902439026 24.792439024390262 85.70756097560974
