79 747.7482911392406 403.74829113924056 564.2517088607594
158 742.5381645569619 409.5381645569619 624.4618354430381
237 728.411329113924 459.411329113924 571.088670886076
316 724.2161392405065 393.71613924050655 395.78386075949345
395 715.6562025316454 358.65620253164536 498.84379746835464
474 668.6170253164557 438.61702531645574 476.38297468354426
553 600.0642405063293 350.06424050632927 435.93575949367073
632 498.8658860759494 291.8658860759494 459.6341139240506
711 371.48417721519 190.48417721519002 367.01582278481
790 264.7964556962026 103.7964556962026 259.2035443037974
869 217.23987341772138 59.239873417721384 90.26012658227862
948 193.6772151898735 41.67721518987349 75.3227848101265
1027 179.76841772151897 30.768417721518972 55.23158227848103
1106 172.75987341772162 29.75987341772162 44.74012658227838
1189 167.71132530120488 25.71132530120488 40.78867469879512
