79 738.9515822784806 429.4515822784806 535.0484177215194
158 735.2953797468354 463.79537974683535 503.20462025316465
237 753.3052531645569 449.8052531645569 473.1947468354431
316 728.087911392405 366.087911392405 410.912088607595
395 718.3430379746835 376.8430379746835 494.1569620253165
474 670.0061392405064 357.5061392405064 523.9938607594936
553 611.9105696202533 315.91056962025334 499.58943037974666
632 493.70702531645577 244.70702531645577 468.29297468354423
711 364.70158227848117 168.70158227848117 329.79841772151883
790 272.14544303797464 95.14544303797464 258.35455696202536
869 218.84968354430387 56.84968354430387 165.15031645569613
948 191.6079113924051 53.6079113924051 72.3920886075949
1027 177.37715189873427 39.37715189873427 44.12284810126573
1106 170.1189873417721 32.11898734177211 40.38101265822789
1189 165.81066265060238 27.81066265060238 32.68933734939762
