79 744.3261392405063 361.82613924050634 506.67386075949366
158 754.5579746835444 424.05797468354444 607.4420253164556
237 759.4787974683545 444.4787974683545 568.0212025316455
316 728.3921518987341 405.89215189873414 472.60784810126586
395 705.3679746835442 361.86797468354416 419.63202531645584
474 685.7618987341771 392.76189873417707 475.73810126582293
553 597.0038607594938 307.5038607594938 524.4961392405062
632 490.22949367088614 258.72949367088614 541.2705063291139
711 359.6779746835442 183.67797468354422 301.3220253164558
790 266.13284810126584 91.13284810126584 191.36715189873416
869 216.93993670886073 51.93993670886073 113.06006329113927
948 192.84107594936708 41.84107594936708 88.15892405063292
1027 179.93841772151904 28.938417721519045 84.06158227848096
1106 172.05867088607596 24.05867088607596 30.44132911392404
1190 167.4530952380952 21.453095238095187 31.046904761904813
