79 760.1391139240503 414.1391139240503 493.3608860759497
158 741.0181012658228 426.5181012658228 432.4818987341772
237 737.2570886075948 403.7570886075948 449.2429113924052
316 738.3387974683543 380.8387974683543 488.6612025316457
395 709.9881012658228 359.4881012658228 457.0118987341772
474 669.4463291139241 357.9463291139241 527.5536708860759
553 607.5566455696203 335.0566455696203 466.9433544303797
632 488.63575949367106 258.63575949367106 486.86424050632894
711 356.43101265822787 169.43101265822787 308.06898734177213
790 263.1416455696202 87.14164556962021 178.8583544303798
869 215.30753164556975 48.30753164556975 102.19246835443025
948 190.39272151898732 39.392721518987315 53.607278481012685
1027 178.50778481012657 29.507784810126566 42.992215189873434
1106 171.82626582278482 22.82626582278482 38.67373417721518
1191 167.11652941176467 23.116529411764674 40.383470588235326
