80 748.6609375000002 429.66093750000016 436.83906249999984
160 751.7955000000001 424.79550000000006 581.7044999999999
240 730.8043124999999 439.8043124999999 460.1956875000001
320 734.1610000000001 370.16100000000006 453.33899999999994
400 710.1501874999998 393.1501874999998 644.3498125000002
480 672.574875 363.074875 467.425125
560 590.9581875000001 306.4581875000001 438.5418124999999
640 488.518375 259.518375 408.481625
720 356.26612500000005 152.26612500000005 301.73387499999995
800 258.15862500000014 92.15862500000014 178.84137499999986
880 212.27468749999997 54.27468749999997 101.72531250000003
960 188.3343125000001 38.334312500000095 68.1656874999999
1040 175.75918749999994 28.75918749999994 56.24081250000006
1120 168.06075000000004 28.06075000000004 50.93924999999996
1194 164.49668918918917 26.49668918918917 49.50331081081083
