80 747.6342499999998 406.13424999999984 445.36575000000016
160 735.6477500000005 440.14775000000054 495.35224999999946
240 733.4438750000002 416.94387500000016 541.0561249999998
320 714.1955624999999 405.19556249999994 594.8044375000001
400 705.1020625000002 401.1020625000002 576.3979374999998
480 677.5484999999999 351.5484999999999 466.4515000000001
560 609.5290625000001 331.0290625000001 696.4709374999999
640 493.415875 271.915875 376.584125
720 362.17237500000005 171.17237500000005 331.32762499999995
800 267.0551250000001 89.05512500000009 275.9448749999999
880 214.87343750000008 61.87343750000008 122.12656249999992
960 190.89524999999998 47.895249999999976 79.60475000000002
1040 176.16518750000003 33.16518750000003 52.83481249999997
1120 168.61318749999998 25.61318749999998 49.38681250000002
1200 164.2553125 25.255312500000002 36.2446875
