868 738.2813306451618 421.2813306451618 711.2186693548382
1736 730.3541359447007 462.3541359447007 604.1458640552993
2604 717.9446428571428 428.94464285714275 652.0553571428572
3472 676.1243951612903 430.6243951612903 534.8756048387097
4340 587.0979665898619 354.5979665898619 542.9020334101381
5208 438.75425691244243 243.75425691244243 457.24574308755757
6076 293.4866244239631 128.48662442396312 344.0133755760369
6944 212.22676267281105 62.22676267281105 159.27323732718895
7812 172.85255184331797 33.85255184331797 66.64744815668203
8680 152.83536866359447 14.835368663594465 49.164631336405535
9548 147.14344470046083 9.143444700460833 20.856555299539167
10416 145.5492050691244 7.549205069124412 15.450794930875588
11284 144.89229262672814 6.8922926267281355 16.107707373271865
12152 144.1844930875576 6.184493087557598 14.815506912442402
13022 143.72098850574713 5.72098850574713 15.27901149425287
