728 743.0933173076924 450.09331730769236 622.9066826923076
1456 736.3788667582421 442.8788667582421 675.6211332417579
2184 726.2358516483519 420.73585164835185 558.2641483516481
2912 706.1234546703294 401.62345467032935 543.8765453296706
3640 670.2251785714285 417.7251785714285 545.2748214285715
4368 600.1042513736267 346.60425137362665 576.3957486263733
5096 488.3035576923072 295.3035576923072 501.6964423076928
5824 356.906978021978 182.90697802197798 425.093021978022
6552 252.62238324175826 90.62238324175826 224.87761675824174
7280 199.14463598901096 53.144635989010965 113.35536401098904
8008 169.08170329670327 28.081703296703267 67.41829670329673
8736 153.6377472527472 14.637747252747204 31.362252747252796
9464 148.71732142857144 10.717321428571438 17.282678571428562
10192 146.48368131868133 8.483681318681334 16.516318681318666
10919 145.28760660247596 7.287606602475961 15.712393397524039
