119.5
100.0
93.0
96.0
96.5
86.0
99.0
97.0
105.5
94.0
97.0
83.0
90.0
97.0
110.5
119.5
98.0
105.5
85.0
87.0
104.5
83.0
108.5
94.0
106.0
84.0
110.0
99.0
101.0
96.0
86.0
90.0
99.0
98.0
100.0
90.0
100.0
88.0
101.0
108.0
88.0
92.0
95.0
109.0
89.0
98.5
108.0
112.5
92.0
102.5
90.0
90.0
89.0
93.0
106.0
89.0
88.0
85.0
101.0
83.0
98.5
96.0
104.5
95.0
100.0
103.0
91.0
119.5
89.0
104.0
95.0
97.0
97.0
93.0
94.0
95.0
94.0
95.0
92.0
93.0
93.0
95.0
97.0
96.0
96.0
100.0
117.5
105.0
99.0
88.0
102.5
92.0
87.0
97.0
89.0
95.0
101.0
87.0
93.0
96.0
