76 564.103092105263 300.10309210526304 525.396907894737
152 542.2417763157894 306.24177631578937 525.2582236842106
228 533.466644736842 270.966644736842 511.533355263158
304 526.9120394736842 260.4120394736842 522.5879605263158
380 510.76776315789454 281.26776315789454 467.73223684210546
456 487.1176973684212 249.1176973684212 522.8823026315788
532 436.7423684210525 219.2423684210525 374.2576315789475
608 359.0928289473684 170.5928289473684 324.4071710526316
684 269.8758552631578 119.8758552631578 245.6241447368422
760 204.89328947368423 86.89328947368423 148.10671052631577
836 167.1103947368421 57.110394736842096 77.3896052631579
912 144.52519736842106 53.52519736842106 83.97480263157894
988 128.74381578947373 35.74381578947373 70.75618421052627
1064 118.49552631578949 33.49552631578949 57.00447368421051
1147 111.65963855421684 26.65963855421684 44.84036144578316
