79 544.7957594936707 316.79575949367074 573.7042405063293
158 536.5658860759494 313.5658860759494 526.9341139240506
237 532.7212658227847 287.22126582278474 452.77873417721526
316 542.4111392405065 308.9111392405065 560.5888607594935
395 521.0001898734179 294.50018987341787 510.49981012658213
474 492.529493670886 286.029493670886 488.970506329114
553 439.49493670886085 231.99493670886085 368.50506329113915
632 372.8228481012659 185.3228481012659 520.1771518987341
711 295.0122151898732 123.01221518987319 268.4877848101268
790 220.58651898734178 103.58651898734178 208.91348101265822
869 177.39221518987338 67.39221518987338 109.10778481012662
948 149.62348101265826 46.62348101265826 88.87651898734174
1027 132.4956329113924 40.49563291139239 72.50436708860761
1106 122.97303797468354 35.973037974683535 67.02696202531646
1184 116.96794871794869 31.967948717948687 50.53205128205131
