79 560.3136075949366 353.81360759493657 494.18639240506343
158 551.1508227848101 281.6508227848101 488.3491772151899
237 543.9043670886077 307.4043670886077 514.0956329113923
316 530.7363291139241 277.73632911392406 528.7636708860759
395 525.5688607594939 319.0688607594939 550.9311392405061
474 498.8272151898734 260.3272151898734 528.6727848101266
553 449.7847468354432 250.78474683544317 469.2152531645568
632 380.4577215189872 211.45772151898723 295.0422784810128
711 293.0078481012658 155.00784810126578 224.49215189873422
790 220.64487341772147 94.64487341772147 160.85512658227853
869 176.42265822784807 53.422658227848075 130.57734177215193
948 150.44468354430376 51.44468354430376 79.05531645569624
1027 134.12550632911393 39.12550632911393 66.37449367088607
1106 123.056835443038 31.056835443037997 43.443164556962
1185 116.44240506329112 33.44240506329112 40.05759493670888
