79 547.7556962025316 292.75569620253157 551.7443037974684
158 533.0236708860759 327.52367088607593 575.9763291139241
237 545.3801265822782 278.3801265822782 538.1198734177218
316 537.8608860759493 287.86088607594934 507.13911392405066
395 522.4389873417718 293.93898734177185 543.5610126582282
474 495.5104430379746 252.5104430379746 528.9895569620254
553 457.1551265822781 266.6551265822781 351.3448734177219
632 377.3452531645569 193.34525316455688 389.1547468354431
711 293.2304430379747 134.23044303797468 271.7695569620253
790 221.04822784810116 80.04822784810116 179.95177215189884
869 178.37246835443042 65.37246835443042 121.12753164556958
948 150.39329113924043 43.39329113924043 68.60670886075957
1027 133.6053164556962 32.6053164556962 43.8946835443038
1106 123.24898734177222 33.24898734177222 43.25101265822778
1186 115.54487499999996 29.544874999999962 40.95512500000004
