79 549.6425316455698 283.14253164556976 533.8574683544302
158 542.6691139240506 296.16911392405063 610.8308860759494
237 548.6744303797469 309.1744303797469 483.3255696202531
316 545.5788607594936 319.57886075949364 500.92113924050636
395 529.6651898734176 270.6651898734176 498.8348101265824
474 489.9324050632911 273.9324050632911 533.5675949367089
553 450.6874683544305 232.1874683544305 425.8125316455695
632 385.638670886076 205.138670886076 321.361329113924
711 292.9403164556961 153.94031645569612 264.0596835443039
790 220.66151898734174 92.66151898734174 159.33848101265826
869 176.39018987341774 59.39018987341774 98.60981012658226
948 148.76917721518979 49.769177215189785 74.73082278481021
1027 131.69335443037974 35.69335443037974 43.80664556962026
1106 120.44689873417722 31.446898734177225 40.053101265822775
1187 114.14654320987654 30.14654320987654 42.35345679012346
