948 546.2182647679324 335.2182647679324 571.7817352320676
1896 544.6444409282699 322.1444409282699 582.8555590717301
2844 540.0627953586497 330.06279535864974 549.9372046413503
3792 526.5395569620254 305.53955696202536 562.9604430379746
4740 497.4608016877636 293.4608016877636 545.0391983122364
5688 434.45504219409275 263.45504219409275 525.5449578059072
6636 331.04073312236295 174.04073312236295 299.45926687763705
7584 223.8611286919831 108.86112869198311 261.63887130801686
8532 151.11260021097044 58.11260021097044 147.38739978902956
9480 105.82033755274266 23.820337552742657 60.17966244725734
10428 90.46440928270042 8.464409282700416 31.035590717299584
11376 88.00190928270041 6.00190928270041 24.49809071729959
12324 87.44714135021098 5.447141350210984 25.052858649789016
13272 87.23565400843881 5.235654008438814 23.264345991561186
14215 86.90253446447507 4.9025344644750675 17.597465535524933
