79 536.4768987341773 304.9768987341773 515.0231012658227
158 539.4023417721517 374.40234177215166 560.5976582278483
237 551.2037974683542 306.7037974683542 520.2962025316458
316 532.3929746835443 305.89297468354425 515.1070253164557
395 522.7967721518987 322.2967721518987 515.2032278481013
474 500.0513924050634 255.55139240506338 487.9486075949366
553 445.6130379746836 229.6130379746836 311.8869620253164
632 388.4824050632913 191.4824050632913 320.0175949367087
711 298.4747468354431 144.4747468354431 263.0252531645569
790 222.51487341772147 95.51487341772147 194.48512658227853
869 177.45158227848094 65.45158227848094 103.54841772151906
948 148.19151898734185 46.19151898734185 57.80848101265815
1027 131.8487341772152 34.84873417721519 44.65126582278481
1106 120.65696202531645 36.656962025316446 40.843037974683554
1188 113.94597560975609 29.94597560975609 38.05402439024391
