79 542.4079746835446 300.9079746835446 490.5920253164554
158 543.3299367088609 290.32993670886094 514.1700632911391
237 533.6539240506329 297.1539240506329 537.8460759493671
316 534.0046202531647 279.0046202531647 536.4953797468353
395 518.3259493670888 275.8259493670888 558.1740506329112
474 494.5279746835443 248.5279746835443 544.9720253164558
553 445.43848101265826 216.93848101265826 393.56151898734174
632 383.12949367088595 217.12949367088595 291.87050632911405
711 291.4986075949366 128.99860759493657 255.00139240506343
790 219.62170886075953 88.62170886075953 162.87829113924047
869 179.0105696202533 70.0105696202533 76.9894303797467
948 151.64151898734173 47.641518987341726 63.358481012658274
1027 133.57531645569622 42.575316455696225 60.924683544303775
1106 121.96215189873415 32.96215189873415 46.53784810126585
1189 113.82548192771087 28.825481927710868 39.67451807228913
