79 550.1981645569618 262.19816455696184 557.3018354430382
158 545.459683544304 293.45968354430397 526.040316455696
237 541.5988607594937 322.09886075949373 537.4011392405063
316 538.7139240506328 294.71392405063284 525.7860759493672
395 521.6317721518988 284.63177215189876 565.8682278481012
474 496.22234177215176 240.22234177215176 551.7776582278482
553 447.084240506329 259.084240506329 482.915759493671
632 374.4740506329113 203.47405063291131 293.0259493670887
711 294.1463924050632 133.14639240506318 283.8536075949368
790 217.10968354430392 98.10968354430392 200.39031645569608
869 178.59588607594938 68.59588607594938 87.40411392405062
948 151.21139240506326 50.211392405063265 59.288607594936735
1027 132.79974683544307 41.799746835443074 54.700253164556926
1106 122.47582278481015 33.47582278481015 36.02417721518985
1189 115.47036144578311 32.47036144578311 35.02963855421689
