79 543.8987974683547 284.3987974683547 522.6012025316453
158 545.6753164556962 293.17531645569625 532.3246835443038
237 541.3122784810126 274.81227848101264 538.1877215189874
316 526.1027215189873 293.6027215189873 525.3972784810127
395 529.8425316455696 287.8425316455696 460.1574683544304
474 500.93987341772146 268.43987341772146 524.5601265822786
553 454.20075949367094 274.20075949367094 316.79924050632906
632 387.50392405063286 212.50392405063286 311.99607594936714
711 300.92006329113923 137.92006329113923 237.07993670886077
790 220.1367088607595 87.13670886075951 157.8632911392405
869 172.9644936708861 55.9644936708861 110.0355063291139
948 144.79474683544302 53.79474683544302 86.20525316455698
1027 127.93943037974681 40.93943037974681 49.56056962025319
1106 117.62892405063286 30.62892405063286 56.87107594936714
1191 111.2844117647059 29.284411764705894 45.215588235294106
