80 553.4811875 311.98118750000003 505.01881249999997
160 543.7734374999999 285.2734374999999 556.2265625000001
240 535.2419999999998 298.24199999999985 523.7580000000002
320 526.6759375 297.67593750000003 489.32406249999997
400 530.2544374999999 303.2544374999999 489.2455625000001
480 498.49525 283.99525 566.0047500000001
560 443.96418750000004 218.46418750000004 311.03581249999996
640 384.4617500000001 204.4617500000001 307.0382499999999
720 297.26112499999994 128.26112499999994 289.23887500000006
800 220.9811875 82.9811875 164.0188125
880 174.9025 56.9025 97.5975
960 146.53212500000006 44.532125000000065 61.967874999999935
1040 129.64662499999997 37.64662499999997 42.85337500000003
1120 119.8155625 29.8155625 34.6844375
1194 113.69858108108104 24.698581081081045 38.801418918918955
