72 538.5084027777779 313.50840277777786 523.9915972222221
144 535.5731944444444 300.0731944444444 548.9268055555556
216 526.4452777777778 282.94527777777785 547.0547222222222
288 513.5497222222223 288.5497222222223 572.4502777777777
360 490.6330555555557 251.1330555555557 444.8669444444443
432 462.37284722222205 210.87284722222205 479.62715277777795
504 404.94006944444425 211.44006944444425 297.55993055555575
576 314.48458333333326 155.48458333333326 265.01541666666674
648 239.03055555555562 104.53055555555562 218.96944444444438
720 189.17097222222228 79.17097222222228 139.82902777777772
792 157.20743055555556 47.20743055555556 93.79256944444444
864 139.67055555555558 36.67055555555558 56.82944444444442
936 126.09722222222226 32.09722222222226 36.90277777777774
1008 117.19500000000002 31.19500000000002 34.30499999999998
1078 112.18342857142858 26.18342857142858 37.31657142857142
