99.0
120.5
104.5
105.0
121.5
133.5
113.5
112.5
148.0
130.5
117.5
90.0
119.0
108.0
98.5
95.0
111.5
104.5
123.5
118.0
114.5
89.0
107.0
89.0
105.0
112.0
115.0
115.5
112.0
104.0
132.5
135.0
105.0
94.0
110.5
109.5
135.5
84.0
97.0
108.5
114.5
119.5
97.0
147.0
109.5
100.0
130.0
99.5
116.5
103.5
121.5
103.5
113.5
121.0
127.0
89.0
111.0
94.0
104.5
93.0
108.5
110.5
103.0
134.5
115.5
97.0
88.0
116.5
90.0
106.5
127.5
105.0
96.0
107.0
118.5
110.5
97.0
136.5
91.0
84.0
139.5
96.0
98.5
90.0
121.0
117.5
99.5
92.0
109.0
103.0
113.5
103.0
105.5
98.0
112.0
125.5
131.0
102.5
112.5
135.5
