97.5
126.5
91.0
131.5
118.5
107.5
139.5
117.0
107.5
127.5
89.0
99.0
112.0
99.0
93.0
94.0
113.0
89.0
109.0
90.0
110.5
108.0
102.0
86.0
113.0
104.5
158.5
145.5
124.5
114.5
135.5
109.0
117.0
121.0
97.0
115.5
110.5
104.0
100.0
99.0
120.0
107.5
105.0
108.0
100.0
103.0
111.0
112.0
118.5
111.0
112.5
100.0
136.5
101.0
100.0
143.5
110.5
110.0
106.5
94.0
99.0
99.0
92.0
126.5
96.0
96.0
111.0
115.5
87.0
93.0
107.5
109.0
91.0
100.0
126.5
109.5
123.5
133.5
98.0
90.0
124.0
86.0
101.0
91.0
140.5
100.0
124.5
97.0
107.5
96.0
119.5
117.5
112.5
95.0
91.0
95.0
116.5
115.5
116.5
137.5
