101.5
102.0
106.5
96.0
112.5
90.0
100.0
84.0
124.5
109.5
107.5
117.5
93.0
117.5
91.0
106.5
114.5
93.0
96.0
126.5
98.5
92.0
114.0
93.0
94.0
112.5
91.0
95.0
105.0
91.0
98.0
92.0
163.5
105.5
103.0
113.5
119.0
102.0
104.5
107.0
145.5
94.0
112.5
116.0
103.0
103.0
116.5
102.5
123.0
116.0
89.0
91.0
114.0
102.0
97.0
118.5
123.5
92.0
107.0
101.0
102.0
120.5
97.0
105.0
106.0
96.0
115.5
101.5
104.5
100.0
102.5
111.5
104.5
102.0
124.5
86.0
88.0
115.5
113.5
127.5
117.0
102.0
119.5
106.0
119.5
114.5
111.5
112.0
108.5
102.0
90.0
141.5
92.0
109.5
122.0
107.5
105.0
90.0
116.5
106.0
