97.0
118.0
109.5
126.0
93.0
125.5
91.0
105.5
91.0
104.5
101.0
103.0
90.0
82.0
95.0
104.0
103.5
131.0
109.0
111.0
83.0
90.0
109.5
112.0
96.0
122.5
97.5
91.0
120.5
114.5
120.0
101.0
113.0
112.0
109.5
111.0
123.5
114.5
84.0
97.0
133.5
134.5
106.5
106.0
98.0
116.5
122.0
111.0
93.0
104.0
125.5
125.5
112.5
107.0
83.0
118.5
105.0
116.0
83.0
100.0
97.5
144.5
129.5
97.0
111.5
102.0
92.0
109.5
120.5
114.5
119.5
112.5
119.5
104.5
107.0
103.0
103.0
95.0
129.5
120.5
94.0
105.0
101.0
112.0
105.0
112.5
91.0
120.5
120.0
120.5
110.5
114.0
88.0
92.0
124.0
119.0
89.0
112.5
121.5
117.5
