96.0
90.0
97.0
104.0
116.0
119.5
106.0
108.0
88.0
110.5
103.0
151.5
110.5
87.0
132.5
95.0
101.5
95.0
112.0
84.0
84.0
94.0
111.0
95.0
111.0
84.0
104.5
104.0
108.0
108.0
118.5
117.5
105.5
127.5
87.0
110.0
104.0
105.0
97.0
114.0
87.0
129.5
106.0
130.5
90.0
102.0
127.0
97.5
103.0
113.5
135.0
113.5
83.0
93.0
108.5
101.0
112.0
107.0
83.0
113.5
132.5
84.0
93.0
102.0
101.0
141.0
126.5
99.0
110.5
93.0
127.5
95.0
107.5
101.0
133.5
86.0
117.0
109.0
116.5
89.0
107.5
107.5
114.0
100.0
97.0
96.0
122.5
110.5
84.0
103.5
85.0
99.5
136.5
132.5
108.0
126.5
92.0
100.0
99.0
126.5
