98.0
103.5
120.5
111.5
109.5
116.5
123.5
96.0
89.0
102.0
82.0
108.0
94.0
85.0
112.5
114.5
102.0
110.5
119.0
111.0
114.0
111.0
110.0
117.5
98.5
97.5
118.5
103.5
113.5
135.0
113.0
110.0
120.5
94.0
99.0
95.0
104.0
83.0
96.0
97.0
120.5
116.5
119.0
108.5
115.0
118.5
112.0
113.5
98.5
108.5
99.0
103.5
119.5
119.5
109.5
112.0
114.5
103.0
105.5
109.5
116.0
112.0
82.0
119.0
121.5
91.0
99.0
112.0
114.5
92.0
113.5
130.5
91.0
126.5
87.0
108.0
83.0
103.0
84.0
93.0
83.0
96.0
112.5
95.0
120.5
116.0
99.0
96.0
111.0
110.0
117.0
87.0
133.5
117.0
95.0
96.0
100.5
103.0
101.0
116.5
