105.5
93.0
114.5
131.0
116.5
109.5
85.0
104.5
116.0
97.0
107.0
124.5
116.0
106.5
127.0
129.0
112.0
134.5
91.0
93.0
142.5
100.0
82.0
101.0
127.5
100.0
114.0
104.5
116.5
134.5
96.0
94.0
125.5
97.0
114.0
105.5
106.0
106.5
104.5
112.5
109.0
128.0
123.0
95.0
112.5
98.0
84.0
96.0
101.0
115.5
107.5
84.0
104.5
111.0
93.0
101.0
106.0
126.5
99.0
127.5
115.5
85.0
112.5
84.0
98.0
96.0
121.5
107.5
99.0
111.5
105.5
99.0
103.5
106.0
109.0
98.0
94.0
118.0
132.5
88.0
108.5
95.0
117.5
96.0
97.0
105.0
103.0
104.0
99.0
83.0
94.0
126.5
97.5
82.0
113.5
112.5
84.0
112.5
105.5
97.5
