109.5
111.5
89.0
108.0
94.0
110.0
119.0
129.5
118.5
98.0
98.0
115.5
115.5
96.5
100.0
106.0
91.0
108.5
104.0
103.5
101.5
111.5
92.0
104.0
92.0
121.0
117.0
95.0
83.0
89.0
91.0
109.0
114.5
90.0
102.0
114.5
97.0
112.0
100.0
92.0
97.5
89.0
113.0
100.0
92.0
121.0
94.0
98.0
108.0
108.0
122.5
91.0
121.5
101.5
109.0
91.0
89.0
110.0
92.0
91.0
97.0
114.5
107.0
124.5
91.0
101.0
131.5
99.0
115.0
100.5
105.5
103.0
112.5
86.0
90.0
110.5
96.0
94.0
100.0
87.0
121.5
84.0
108.5
118.5
98.0
120.5
105.5
118.5
98.5
92.0
90.0
122.5
110.5
126.5
99.0
127.0
86.0
114.0
105.0
122.5
