921 540.7176601520086 322.21766015200865 562.2823398479914
1842 542.3984961997829 339.3984961997829 592.1015038002171
2763 531.9091042345278 315.40910423452783 584.0908957654722
3684 517.193007600434 310.19300760043404 556.306992399566
4605 479.765434310532 298.265434310532 541.734565689468
5526 412.1086916395223 231.1086916395223 447.8913083604777
6447 307.4946579804559 173.49465798045588 364.5053420195441
7368 204.6012432138979 98.6012432138979 266.3987567861021
8289 140.18198154180237 55.18198154180237 117.81801845819763
9210 102.01601520086862 20.016015200868623 60.48398479913138
10131 91.59777415852336 9.597774158523364 41.902225841476636
11052 89.56444082519003 7.564440825190033 29.935559174809967
11973 88.86954397394136 6.8695439739413615 21.63045602605864
12894 88.59933767643867 6.599337676438665 21.900662323561335
13810 88.38741266375546 6.387412663755455 22.112587336244545
