61 539.4900000000002 314.49000000000024 501.50999999999976
122 523.890655737705 302.39065573770495 527.609344262295
183 500.88032786885225 319.88032786885225 499.11967213114775
244 477.06360655737694 253.56360655737694 344.43639344262306
305 433.01770491803296 268.01770491803296 279.48229508196704
366 375.1258196721311 192.62581967213112 278.3741803278689
427 302.3135245901639 139.31352459016392 329.1864754098361
488 237.69696721311476 119.69696721311476 180.30303278688524
549 194.8666393442624 73.86663934426241 119.13336065573759
610 167.16155737704918 63.16155737704918 98.83844262295082
671 147.18172131147537 48.18172131147537 73.31827868852463
732 133.7002459016393 38.700245901639306 67.7997540983607
793 124.15581967213114 32.155819672131145 70.34418032786886
854 116.95663934426226 29.956639344262257 52.54336065573774
918 111.781640625 26.781640624999994 41.718359375000006
