938 544.844632196162 342.844632196162 591.155367803838
1876 546.4804690831555 339.4804690831555 570.0195309168445
2814 535.570378464819 328.070378464819 557.429621535181
3752 522.391476545842 321.391476545842 591.608523454158
4690 492.9976066098081 296.9976066098081 640.0023933901919
5628 429.41678038379524 252.41678038379524 429.58321961620476
6566 323.12641791044774 188.12641791044774 452.37358208955226
7504 217.08399253731346 99.08399253731346 222.41600746268654
8442 146.5199093816631 54.5199093816631 131.4800906183369
9380 103.93397654584227 21.93397654584227 56.06602345415773
10318 90.95422174840081 8.954221748400812 37.54577825159919
11256 88.40716417910447 6.40716417910447 25.09283582089553
12194 87.68635394456288 5.686353944562882 24.81364605543712
13132 87.19452025586355 5.1945202558635515 25.30547974413645
14072 87.02288829787234 5.022888297872342 25.477111702127658
