79 551.7656329113926 296.2656329113926 515.2343670886074
158 545.0656962025315 293.0656962025315 554.9343037974685
237 534.3059493670885 275.8059493670885 503.6940506329115
316 530.5367088607593 294.0367088607593 554.4632911392407
395 517.5112025316455 269.0112025316455 562.9887974683545
474 498.17645569620237 258.67645569620237 534.8235443037977
553 455.50759493670876 255.50759493670876 323.49240506329124
632 378.523924050633 204.523924050633 305.476075949367
711 286.3695569620253 125.36955696202529 231.63044303797471
790 213.71797468354438 84.71797468354438 159.28202531645562
869 170.85379746835443 61.85379746835443 73.14620253164557
948 144.35132911392404 46.35132911392404 67.14867088607596
1027 128.23246835443035 37.23246835443035 50.26753164556965
1106 119.19373417721519 28.19373417721519 40.30626582278481
1181 113.16993333333332 27.16993333333332 31.83006666666668
