79 548.5168354430382 296.5168354430382 526.9831645569618
158 550.8262658227849 308.3262658227849 517.6737341772151
237 539.0263924050636 280.5263924050636 517.9736075949364
316 538.4630379746835 295.4630379746835 513.5369620253165
395 517.282911392405 262.282911392405 549.717088607595
474 500.0788607594935 262.0788607594935 489.4211392405065
553 451.07759493670886 270.07759493670886 526.4224050632911
632 381.5460126582277 195.5460126582277 485.4539873417723
711 291.1453797468354 123.14537974683537 258.8546202531646
790 211.39316455696192 83.89316455696192 167.60683544303808
869 172.54563291139235 70.54563291139235 85.45436708860765
948 146.27620253164554 49.27620253164554 82.72379746835446
1027 129.9017088607594 36.90170886075941 56.59829113924059
1106 119.12177215189872 29.121772151898725 56.378227848101275
1185 113.1569620253165 28.156962025316503 39.3430379746835
