79 550.1415189873419 287.1415189873419 527.3584810126581
158 543.3356329113925 307.3356329113925 503.6643670886075
237 535.8722151898734 280.8722151898734 563.1277848101266
316 538.7093037974686 284.7093037974686 532.7906962025314
395 526.1312658227847 284.6312658227847 597.8687341772153
474 496.67658227848113 245.67658227848113 475.82341772151887
553 448.03721518987373 256.03721518987373 372.46278481012627
632 382.0148101265823 203.5148101265823 457.9851898734177
711 301.4856329113923 142.98563291139232 238.01436708860768
790 225.59512658227854 82.59512658227854 167.40487341772146
869 177.00360759493674 57.00360759493674 121.49639240506326
948 148.78386075949368 39.78386075949368 52.71613924050632
1027 131.67702531645563 39.67702531645563 49.82297468354437
1106 121.66196202531644 29.66196202531644 39.83803797468356
1187 115.36413580246912 33.36413580246912 35.13586419753088
