79 550.4621518987342 288.4621518987342 559.5378481012658
158 552.7134177215191 274.21341772151914 539.2865822784809
237 528.3161392405066 320.8161392405066 543.6838607594934
316 535.5771518987342 316.5771518987342 531.9228481012658
395 524.21335443038 278.71335443038004 554.28664556962
474 497.6964556962025 284.6964556962025 564.3035443037975
553 449.7760759493669 254.77607594936688 316.7239240506331
632 387.33360759493684 182.83360759493684 315.66639240506316
711 297.3396835443037 143.33968354430368 316.1603164556963
790 223.88721518987342 95.88721518987342 169.11278481012658
869 175.36367088607594 57.36367088607594 98.63632911392406
948 149.0298734177215 45.02987341772149 67.47012658227851
1027 131.95829113924052 33.958291139240515 60.541708860759485
1106 122.04626582278485 29.046265822784846 43.45373417721515
1190 115.4316666666667 26.4316666666667 35.0683333333333
