80 539.8959375000001 279.39593750000006 550.1040624999999
160 547.7957499999999 315.2957499999999 549.7042500000001
240 542.00575 322.50575000000003 509.49424999999997
320 535.222125 261.722125 528.277875
400 531.2088750000001 311.70887500000015 522.7911249999999
480 506.5004999999999 263.0004999999999 539.4995000000001
560 452.07449999999994 240.57449999999994 501.92550000000006
640 388.60231250000004 223.60231250000004 302.89768749999996
720 302.4220625 162.42206249999998 287.0779375
800 224.21525000000003 85.21525000000003 205.28474999999997
880 174.90137500000003 58.90137500000003 110.09862499999997
960 146.14075000000005 43.140750000000054 87.35924999999995
1040 129.83906250000004 40.83906250000004 39.66093749999996
1120 118.94331249999998 30.943312499999976 38.556687500000024
1200 112.013625 25.013625000000005 33.486374999999995
