76.0
64.0
72.0
77.0
66.0
83.0
80.0
63.0
73.0
78.0
79.0
67.0
81.0
77.0
74.0
74.0
67.0
74.0
66.0
65.0
72.0
69.0
80.0
81.0
74.0
75.0
66.0
88.0
77.0
74.0
70.0
69.0
80.0
67.0
75.0
76.0
69.0
65.0
87.0
68.0
76.0
67.0
75.0
65.0
71.0
66.0
67.0
75.0
68.0
70.0
70.0
80.0
64.0
78.0
76.0
66.0
66.0
95.0
86.0
75.0
65.0
63.0
69.0
85.0
74.0
80.0
69.0
85.0
73.0
66.0
68.0
84.0
81.0
84.0
74.0
92.0
72.0
68.0
78.0
83.0
66.0
91.0
80.0
76.0
65.0
71.0
66.0
68.0
66.0
72.0
69.0
70.0
77.0
62.0
69.0
73.0
84.0
68.0
68.0
67.0
