61 719.9483606557376 346.4483606557376 497.5516393442624
122 714.2023770491803 324.2023770491803 475.2976229508197
183 681.2492622950818 399.24926229508185 535.7507377049182
244 635.7208196721314 322.22081967213137 472.77918032786863
305 551.7868032786881 293.2868032786881 376.7131967213119
366 460.44336065573776 215.94336065573776 374.05663934426224
427 354.1266393442623 157.1266393442623 229.8733606557377
488 277.55983606557385 108.55983606557385 197.94016393442615
549 232.60967213114765 69.60967213114765 133.89032786885235
610 208.71163934426218 50.71163934426218 82.78836065573782
671 191.52016393442628 36.52016393442628 75.47983606557372
732 181.08204918032789 33.082049180327886 77.91795081967211
793 175.23303278688527 27.233032786885275 57.766967213114725
854 171.71368852459017 25.713688524590168 61.28631147540983
918 168.41 22.409999999999997 49.59
