76 747.2432236842101 368.2432236842101 506.7567763157899
152 752.8845394736844 464.8845394736844 543.6154605263156
228 734.4159868421052 421.4159868421052 521.5840131578948
304 717.191052631579 452.19105263157905 529.308947368421
380 706.3696710526314 347.86967105263136 558.6303289473686
456 657.6612500000001 327.1612500000001 476.3387499999999
532 564.6838815789472 276.6838815789472 522.3161184210528
608 458.41210526315786 233.41210526315786 397.58789473684214
684 339.64368421052643 138.14368421052643 288.85631578947357
760 260.606052631579 98.60605263157902 171.89394736842098
836 216.5298684210527 56.5298684210527 107.4701315789473
912 191.9838815789474 37.983881578947404 76.0161184210526
988 181.04190789473682 35.04190789473682 56.45809210526318
1064 173.89032894736843 28.89032894736843 40.60967105263157
1147 169.47777108433738 30.477771084337377 38.02222891566262
