921 743.1834690553746 423.18346905537464 767.3165309446254
1842 737.9865146579803 449.98651465798025 586.0134853420197
2763 729.1684907709009 434.6684907709009 647.8315092290991
3684 704.3891150922907 451.8891150922907 746.1108849077093
4605 644.7409391965257 391.7409391965257 568.7590608034743
5526 531.5392833876223 313.5392833876223 540.9607166123777
6447 363.87122149837154 178.87122149837154 409.12877850162846
7368 241.2986536373507 87.2986536373507 230.2013463626493
8289 185.0765146579804 44.0765146579804 112.9234853420196
9210 156.4577198697068 18.457719869706807 55.54228013029319
10131 148.03907709011943 10.039077090119434 27.960922909880566
11052 145.84935939196524 7.849359391965237 16.150640608034763
11973 144.98212812160693 6.982128121606934 16.017871878393066
12894 144.15931596091207 6.159315960912068 15.840684039087932
13810 143.56368995633187 5.563689956331871 9.43631004366813
