938 745.2432995735608 479.74329957356076 589.7567004264392
1876 741.2615884861406 432.26158848614057 617.7384115138594
2814 735.678224946695 467.67822494669497 611.821775053305
3752 712.1543923240939 466.6543923240939 561.3456076759061
4690 660.0686727078889 403.56867270788894 501.93132729211106
5628 551.0653891257994 363.06538912579936 457.43461087420064
6566 390.4801332622599 205.48013326225993 595.0198667377401
7504 254.6940298507461 90.69402985074609 371.8059701492539
8442 189.32466950959494 45.32466950959494 117.17533049040506
9380 159.78063965884857 21.78063965884857 40.21936034115143
10318 148.9978571428571 10.9978571428571 25.0021428571429
11256 146.3916204690831 8.391620469083108 22.608379530916892
12194 144.97160980810236 6.971609808102357 14.028390191897643
13132 144.36997867803836 6.369978678038365 12.630021321961635
14072 143.92858510638294 5.92858510638294 13.07141489361706
