79 750.7276582278481 380.2276582278481 468.7723417721519
158 752.2218354430381 463.7218354430381 472.2781645569619
237 744.4009493670886 454.90094936708863 484.09905063291137
316 732.2766455696203 368.7766455696203 543.2233544303797
395 716.9332911392406 452.9332911392406 425.5667088607594
474 677.8774050632912 336.87740506329123 461.12259493670877
553 601.818417721519 358.81841772151904 500.68158227848096
632 482.8332911392403 256.3332911392403 434.6667088607597
711 346.7751898734176 145.77518987341762 259.2248101265824
790 257.659493670886 83.65949367088598 182.34050632911402
869 214.04955696202526 48.049556962025264 135.45044303797474
948 191.96822784810126 39.968227848101264 115.03177215189874
1027 179.31177215189874 29.311772151898737 50.18822784810126
1106 172.63487341772154 26.634873417721536 46.865126582278464
1181 168.09726666666666 22.097266666666656 38.402733333333344
