79 742.0089240506329 380.0089240506329 450.9910759493671
158 726.2100632911392 405.21006329113925 441.28993670886075
237 732.1725316455695 413.6725316455695 489.3274683544305
316 724.808417721519 407.80841772151905 457.19158227848095
395 702.1869620253166 393.6869620253166 509.3130379746834
474 680.1925949367086 349.1925949367086 443.8074050632914
553 603.580506329114 301.080506329114 501.919493670886
632 473.2667721518987 249.2667721518987 448.7332278481013
711 352.1361392405064 154.6361392405064 322.8638607594936
790 259.44474683544297 84.44474683544297 157.05525316455703
869 211.78677215189873 61.78677215189873 114.21322784810127
948 190.21968354430376 42.21968354430376 68.78031645569624
1027 178.52310126582287 34.52310126582287 63.47689873417713
1106 171.99107594936703 27.99107594936703 70.00892405063297
1184 167.26115384615383 23.26115384615383 70.73884615384617
