79 752.432341772152 366.432341772152 515.067658227848
158 753.420316455696 437.920316455696 496.579683544304
237 751.426582278481 447.92658227848096 555.573417721519
316 727.6614556962023 346.6614556962023 476.8385443037977
395 707.4624683544306 402.4624683544306 483.5375316455694
474 665.2875316455695 357.7875316455695 461.2124683544305
553 584.7151898734178 298.7151898734178 441.2848101265822
632 493.1029746835442 261.6029746835442 400.8970253164558
711 353.28493670886064 154.28493670886064 325.71506329113936
790 265.40196202531655 81.40196202531655 156.59803797468345
869 217.35474683544314 48.35474683544314 100.14525316455686
948 193.18189873417722 45.181898734177224 82.81810126582278
1027 180.0603797468354 32.060379746835395 47.939620253164605
1106 173.06943037974682 27.06943037974682 43.93056962025318
1185 168.35962025316456 24.359620253164564 33.640379746835436
