79 746.9005063291137 397.4005063291137 516.0994936708863
158 740.2646202531646 389.7646202531646 447.7353797468354
237 736.150253164557 396.15025316455694 558.849746835443
316 738.8949367088611 367.8949367088611 521.6050632911389
395 709.5810759493669 427.0810759493669 506.4189240506331
474 669.5334177215191 341.5334177215191 560.4665822784809
553 600.5589873417721 327.5589873417721 413.4410126582279
632 483.1056962025315 237.10569620253148 416.8943037974685
711 359.2279113924053 175.2279113924053 300.7720886075947
790 267.2284810126582 92.22848101265822 242.77151898734178
869 215.80398734177214 60.80398734177214 123.19601265822786
948 191.20006329113932 42.200063291139315 67.29993670886068
1027 180.17987341772152 31.179873417721524 70.82012658227848
1106 172.47949367088611 25.479493670886114 39.020506329113886
1187 167.48586419753087 22.485864197530873 43.01413580246913
