79 739.4210126582282 389.42101265822816 442.57898734177184
158 745.4094303797465 383.9094303797465 546.0905696202535
237 736.4750000000001 375.47500000000014 533.5249999999999
316 728.2867088607595 407.2867088607595 498.2132911392405
395 713.7175949367087 387.2175949367087 539.2824050632913
474 670.9506329113923 339.9506329113923 508.0493670886077
553 588.9117721518987 321.91177215189873 437.58822784810127
632 479.5667721518987 246.5667721518987 376.4332278481013
711 350.37259493670877 161.37259493670877 334.12740506329123
790 262.07639240506336 86.07639240506336 197.92360759493664
869 217.13664556962019 58.136645569620185 113.86335443037981
948 192.5072151898734 40.50721518987339 99.99278481012661
1027 178.96436708860762 34.96436708860762 55.53563291139238
1106 172.578417721519 28.578417721519003 55.921582278481
1187 168.57734567901235 24.577345679012353 44.92265432098765
