72 748.516111111111 414.01611111111094 628.483888888889
144 738.0179166666669 458.0179166666669 489.9820833333331
216 720.2676388888884 413.2676388888884 513.2323611111116
288 704.2529166666667 385.2529166666667 455.2470833333333
360 672.0889583333334 355.5889583333334 471.9110416666666
432 617.8187499999998 335.3187499999998 388.6812500000002
504 513.9840972222224 262.98409722222243 374.51590277777757
576 388.534375 194.534375 291.965625
648 295.7602777777779 123.7602777777779 221.2397222222221
720 238.8757638888888 72.8757638888888 118.6242361111112
792 208.0310416666667 58.03104166666671 98.46895833333329
864 188.5763194444445 45.57631944444449 105.9236805555555
936 177.56347222222212 35.56347222222212 45.43652777777788
1008 171.55326388888895 29.55326388888895 48.44673611111105
1078 167.12028571428576 25.120285714285757 47.37971428571424
